#           1            2            3            4            5            6            7            8            9 
#           T        SZ2f0         SaSa         SaSd         SaSf          n_a          n_d          n_f          s^2 
      1.05105        0.125     0.375002  3.92151e-12  -0.00053819            1            1            1     0.750004 
     0.606826        0.125     0.375003  5.27105e-11  -0.00143526            1            1            1     0.750006 
     0.350351     0.125009      0.37652  9.07402e-07  -0.00531403            1            1            1     0.753042 
     0.202275        0.125     0.375524  1.32187e-05  -0.00856934            1            1            1     0.751074 
     0.116784        0.125     0.375066 -1.20623e-06   -0.0136259            1            1            1     0.750129 
    0.0674251        0.125      0.37552  0.000332636   -0.0178133            1            1            1     0.751704 
    0.0389279        0.125     0.375528  9.94574e-05    -0.021943            1            1            1     0.751255 
     0.022475        0.125      0.37548  7.62726e-05   -0.0247934            1            1            1     0.751112 
     0.012976        0.125     0.375432  0.000306764   -0.0265984            1            1            1     0.751478 
   0.00749168        0.125     0.375232  0.000132675   -0.0274993            1            1            1      0.75073 
   0.00432532        0.125     0.375349  0.000243688    -0.027862            1            1            1     0.751186 
   0.00249723        0.125     0.375369  0.000262773   -0.0280109            1            1            1     0.751263 
   0.00144177        0.125     0.375646  0.000535942    -0.028058            1            1            1     0.752364 
  0.000832409        0.125     0.375913  0.000801948   -0.0280762            1            1            1      0.75343 
  0.000480592        0.125     0.376378   0.00127343   -0.0280813            1            1            1     0.755304 
   0.00027747        0.125     0.377198   0.00209483   -0.0280833            1            1            1     0.758586 
  0.000160197        0.125     0.378614   0.00351392   -0.0280839            1            1            1     0.764257 
  9.24899e-05        0.125       0.3814   0.00630267   -0.0280841            1            1            1     0.775405 
  5.33991e-05        0.125     0.385629    0.0105352    -0.028084            1            1            1     0.792328 
    3.083e-05        0.125     0.392836    0.0177474   -0.0280839            1            1            1     0.821166 
  1.77997e-05        0.125     0.405382    0.0303025   -0.0280837            1            1            1     0.871368 
  1.02767e-05        0.125     0.424938    0.0498739   -0.0280833            1            1            1     0.949623 
  5.93323e-06        0.125     0.447434    0.0723871   -0.0280828            1            1            1      1.03964 
  3.42555e-06        0.125        0.464    0.0889659   -0.0280824            1            1            1      1.10593 
  1.97774e-06        0.125     0.468647    0.0936167   -0.0280823            1            1            1      1.12453 
  1.14185e-06        0.125     0.468798    0.0937676   -0.0280823            1            1            1      1.12513 
  6.59248e-07        0.125     0.468798    0.0937676   -0.0280823            1            1            1      1.12513 
  3.80617e-07        0.125     0.468798    0.0937676   -0.0280823            1            1            1      1.12513 
  2.19749e-07        0.125     0.468798    0.0937676   -0.0280823            1            1            1      1.12513 
  1.26872e-07        0.125     0.468798    0.0937676   -0.0280823            1            1            1      1.12513 
  7.32497e-08        0.125     0.468798    0.0937676   -0.0280823            1            1            1      1.12513 
  4.22908e-08        0.125     0.468798    0.0937676   -0.0280823            1            1            1      1.12513 
  2.44166e-08        0.125     0.468798    0.0937676   -0.0280823            1            1            1      1.12513 
  1.40969e-08        0.125     0.468798    0.0937676   -0.0280823            1            1            1      1.12513 
  8.13886e-09        0.125     0.468798    0.0937676   -0.0280823            1            1            1      1.12513 
  4.69897e-09        0.125     0.468798    0.0937676   -0.0280823            1            1            1      1.12513 
  2.71295e-09        0.125     0.468798    0.0937676   -0.0280823            1            1            1      1.12513 
  1.56632e-09        0.125     0.468798    0.0937676   -0.0280823            1            1            1      1.12513 
  9.04318e-10        0.125     0.468798    0.0937676   -0.0280823            1            1            1      1.12513 
  5.22108e-10        0.125     0.468798    0.0937676   -0.0280823            1            1            1      1.12513 
  3.01439e-10        0.125     0.468798    0.0937676   -0.0280823            1            1            1      1.12513 
  1.74036e-10        0.125     0.468798    0.0937676   -0.0280823            1            1            1      1.12513 
   1.0048e-10        0.125     0.468798    0.0937676   -0.0280823            1            1            1      1.12513 
   5.8012e-11        0.125     0.468798    0.0937676   -0.0280823            1            1            1      1.12513 
  3.34933e-11        0.125     0.468798    0.0937676   -0.0280823            1            1            1      1.12513 
  1.93373e-11        0.125     0.468798    0.0937676   -0.0280823            1            1            1      1.12513 
  1.11644e-11        0.125     0.468798    0.0937676   -0.0280823            1            1            1      1.12513 
  6.44578e-12        0.125     0.468798    0.0937676   -0.0280823            1            1            1      1.12513 
  3.72147e-12        0.125     0.468798    0.0937676   -0.0280823            1            1            1      1.12513 
  2.14859e-12        0.125     0.468798    0.0937676   -0.0280823            1            1            1      1.12513 
  1.24049e-12        0.125     0.468798    0.0937676   -0.0280823            1            1            1      1.12513 
  7.16198e-13        0.125     0.468798    0.0937676   -0.0280823            1            1            1      1.12513 
  4.13497e-13        0.125     0.468798    0.0937676   -0.0280823            1            1            1      1.12513 
  2.38733e-13        0.125     0.468798    0.0937676   -0.0280823            1            1            1      1.12513 
  1.37832e-13        0.125     0.468798    0.0937676   -0.0280823            1            1            1      1.12513 
  7.95775e-14        0.125     0.468798    0.0937676   -0.0280823            1            1            1      1.12513 
  4.59441e-14        0.125     0.468798    0.0937676   -0.0280823            1            1            1      1.12513 
  2.65258e-14        0.125     0.468798    0.0937676   -0.0280823            1            1            1      1.12513 
  1.53147e-14        0.125     0.468798    0.0937676   -0.0280823            1            1            1      1.12513 
  8.84195e-15        0.125     0.468798    0.0937676   -0.0280823            1            1            1      1.12513 
   5.1049e-15        0.125     0.468798    0.0937676   -0.0280823            1            1            1      1.12513 
  2.94732e-15        0.125     0.468798    0.0937676   -0.0280823            1            1            1      1.12513 
  1.70163e-15        0.125     0.468798    0.0937676   -0.0280823            1            1            1      1.12513 
  9.82439e-16        0.125     0.468798    0.0937676   -0.0280823            1            1            1      1.12513 
  5.67211e-16        0.125     0.468798    0.0937676   -0.0280823            1            1            1      1.12513 
   3.2748e-16        0.125     0.468798    0.0937676   -0.0280823            1            1            1      1.12513 
   1.8907e-16        0.125     0.468798    0.0937676   -0.0280823            1            1            1      1.12513 
   1.0916e-16        0.125     0.468798    0.0937676   -0.0280823            1            1            1      1.12513 
  6.30235e-17        0.125     0.468798    0.0937676   -0.0280823            1            1            1      1.12513 
  3.63866e-17        0.125     0.468798    0.0937676   -0.0280823            1            1            1      1.12513 
  2.10078e-17        0.125     0.468798    0.0937676   -0.0280823            1            1            1      1.12513 
  1.21289e-17        0.125     0.468798    0.0937676   -0.0280823            1            1            1      1.12513 
  7.00261e-18        0.125     0.468798    0.0937676   -0.0280823            1            1            1      1.12513 
  4.04296e-18        0.125     0.468798    0.0937676   -0.0280823            1            1            1      1.12513 
   2.3342e-18        0.125     0.468798    0.0937676   -0.0280823            1            1            1      1.12513 
  1.34765e-18        0.125     0.468798    0.0937676   -0.0280823            1            1            1      1.12513 
  7.78067e-19        0.125     0.468798    0.0937676   -0.0280823            1            1            1      1.12513 
  4.49217e-19        0.125     0.468798    0.0937676   -0.0280823            1            1            1      1.12513 
  2.59356e-19        0.125     0.468798    0.0937676   -0.0280823            1            1            1      1.12513 
  1.49739e-19        0.125     0.468798    0.0937676   -0.0280823            1            1            1      1.12513 
  8.64519e-20        0.125     0.468798    0.0937676   -0.0280823            1            1            1      1.12513 
   4.9913e-20        0.125     0.468798    0.0937676   -0.0280823            1            1            1      1.12513 
  2.88173e-20        0.125     0.468798    0.0937676   -0.0280823            1            1            1      1.12513 
  1.66377e-20        0.125     0.468798    0.0937676   -0.0280823            1            1            1      1.12513 
