#           T       <Sz^2>          <Q>        <Q^2>          <E>        <E^2>            C            F            S 
      1.05105     0.498566            0      1.99425     0.280647     0.101681    0.0229187     -5.25304      5.53369 
     0.606826     0.669132  1.39634e-16      2.67651      2.03784      5.37096      1.21816     -5.61425      7.65209 
     0.350351     0.753243   5.8165e-16      3.01295      2.50423      9.38162      3.11045     -6.41163      8.91586 
     0.202275      0.74023  4.09328e-15      2.95578      2.96226       12.369        3.594     -5.92296      8.88521 
     0.116784     0.742744  9.65589e-15      2.96973      2.73892      10.9969      3.49525     -6.13529      8.87421 
    0.0674251     0.723157  7.05062e-15      2.89208      2.98653      12.7342      3.81481     -5.74035      8.72688 
    0.0389279     0.716405 -5.35668e-15      2.86334      2.86502      11.9864      3.77809     -5.76354      8.62856 
     0.022475     0.694846 -2.54864e-14      2.77688      2.95587      12.8359      4.09877     -5.48804      8.44391 
     0.012976     0.683209 -6.01464e-14      2.73089       2.8536      12.1861      4.04304     -5.43595      8.28955 
   0.00749168     0.667142 -1.15289e-13      2.66663       2.8458      12.3066      4.20798     -5.28774      8.13354 
   0.00432532     0.659654 -1.90421e-13      2.63666      2.77366      11.7969       4.1037     -5.25087      8.02453 
   0.00249723     0.652775 -3.10621e-13      2.60803      2.75973      11.7755      4.15942     -5.19168      7.95141 
   0.00144177     0.649977 -5.16293e-13      2.59523      2.73067      11.5552      4.09861     -5.17609      7.90677 
  0.000832409     0.647917 -9.10824e-13      2.58393      2.72823       11.563      4.11974     -5.15332      7.88155 
  0.000480592     0.647589 -1.56708e-12      2.57752      2.72326      11.5148       4.0987     -5.14388      7.86714 
   0.00027747     0.647792 -2.72475e-12      2.56963      2.72912      11.5526      4.10446     -5.12832      7.85744 
  0.000160197     0.649366 -4.60738e-12      2.56078      2.73998      11.6051      4.09766     -5.11215      7.85213 
  9.24899e-05     0.652342 -7.81344e-12      2.54654      2.76283      11.7353       4.1021     -5.08484      7.84767 
  5.33991e-05     0.657909 -1.25108e-11      2.52341      2.79926      11.9424      4.10647     -5.04276      7.84203 
    3.083e-05     0.667452 -1.97658e-11       2.4846       2.8552      12.2822       4.1301     -4.97475      7.82995 
  1.77997e-05     0.683407  -2.8864e-11      2.42076      2.92521      12.7483      4.19144     -4.87232      7.79753 
  1.02767e-05     0.707868 -3.65959e-11      2.32278      2.97973      13.2151       4.3363     -4.73349      7.71322 
  5.93323e-06      0.73841  -3.1699e-11      2.20397      2.95263      13.2592      4.54111     -4.58624      7.53887 
  3.42555e-06     0.761726 -1.45987e-11      2.11328      2.82862       12.539      4.53793     -4.48688      7.31549 
  1.97774e-06     0.769638 -2.23122e-12      2.08398      2.73922      11.8235      4.32025     -4.45657      7.19578 
  1.14185e-06      0.77053 -1.39279e-13      2.08193       2.7262      11.6875      4.25536     -4.45407      7.18028 
  6.59248e-07     0.770549  -1.3323e-13      2.08196      2.72615      11.6869      4.25505     -4.45416      7.18031 
  3.80617e-07     0.770555 -1.48756e-13      2.08199       2.7263      11.6884      4.25566     -4.45412      7.18042 
  2.19749e-07     0.770551 -1.61837e-13      2.08197      2.72617      11.6871       4.2551     -4.45417      7.18034 
  1.26872e-07     0.770556 -1.65199e-13        2.082      2.72631      11.6884      4.25566     -4.45412      7.18043 
  7.32497e-08     0.770552 -1.72299e-13      2.08197      2.72617      11.6871      4.25511     -4.45418      7.18035 
  4.22908e-08     0.770556 -1.69661e-13        2.082      2.72631      11.6884      4.25566     -4.45413      7.18043 
  2.44166e-08     0.770552 -1.67058e-13      2.08197      2.72617      11.6871      4.25511     -4.45418      7.18035 
  1.40969e-08     0.770556 -1.55956e-13        2.082      2.72631      11.6884      4.25566     -4.45413      7.18043 
  8.13886e-09     0.770552 -1.28557e-13      2.08197      2.72617      11.6871      4.25511     -4.45418      7.18035 
  4.69897e-09     0.770556 -1.03066e-13        2.082      2.72631      11.6884      4.25567     -4.45413      7.18043 
  2.71295e-09     0.770552 -8.24643e-14      2.08197      2.72617      11.6871      4.25511     -4.45418      7.18035 
  1.56632e-09     0.770556 -6.61081e-14        2.082      2.72631      11.6884      4.25567     -4.45413      7.18044 
  9.04318e-10     0.770552 -5.97595e-14      2.08197      2.72617      11.6871      4.25511     -4.45418      7.18035 
  5.22108e-10     0.770556 -6.15329e-14        2.082      2.72631      11.6884      4.25567     -4.45413      7.18044 
  3.01439e-10     0.770552 -5.83346e-14      2.08197      2.72617      11.6871      4.25511     -4.45418      7.18035 
  1.74036e-10     0.770556 -5.18849e-14        2.082      2.72631      11.6884      4.25567     -4.45413      7.18044 
   1.0048e-10     0.770552 -5.19986e-14      2.08197      2.72617      11.6871      4.25511     -4.45418      7.18035 
   5.8012e-11     0.770556 -4.57158e-14        2.082      2.72631      11.6884      4.25567     -4.45413      7.18044 
  3.34933e-11     0.770552 -4.68555e-14      2.08197      2.72617      11.6871      4.25511     -4.45418      7.18035 
  1.93373e-11     0.770556 -5.18732e-14        2.082      2.72631      11.6884      4.25567     -4.45413      7.18044 
  1.11644e-11     0.770552 -6.11861e-14      2.08197      2.72617      11.6871      4.25511     -4.45418      7.18035 
  6.44578e-12     0.770556 -6.72059e-14        2.082      2.72631      11.6884      4.25567     -4.45413      7.18044 
  3.72147e-12     0.770552 -7.09116e-14      2.08197      2.72617      11.6871      4.25511     -4.45418      7.18035 
  2.14859e-12     0.770556 -8.37347e-14        2.082      2.72631      11.6884      4.25567     -4.45413      7.18044 
  1.24049e-12     0.770552 -9.67528e-14      2.08197      2.72617      11.6871      4.25511     -4.45418      7.18035 
  7.16198e-13     0.770556 -9.81901e-14        2.082      2.72631      11.6884      4.25567     -4.45413      7.18044 
  4.13497e-13     0.770552 -8.50968e-14      2.08197      2.72617      11.6871      4.25511     -4.45418      7.18035 
  2.38733e-13     0.770556 -7.86493e-14        2.082      2.72631      11.6884      4.25567     -4.45413      7.18044 
  1.37832e-13     0.770552 -8.60156e-14      2.08197      2.72617      11.6871      4.25511     -4.45418      7.18035 
  7.95775e-14     0.770556 -8.73263e-14        2.082      2.72631      11.6884      4.25567     -4.45413      7.18044 
  4.59441e-14     0.770552 -7.83412e-14      2.08197      2.72617      11.6871      4.25511     -4.45418      7.18035 
  2.65258e-14     0.770556 -7.16787e-14        2.082      2.72631      11.6884      4.25567     -4.45413      7.18044 
  1.53147e-14     0.770552 -7.67315e-14      2.08197      2.72617      11.6871      4.25511     -4.45418      7.18035 
  8.84195e-15     0.770556 -8.43601e-14        2.082      2.72631      11.6884      4.25567     -4.45413      7.18044 
   5.1049e-15     0.770552 -9.00703e-14      2.08197      2.72617      11.6871      4.25511     -4.45418      7.18035 
  2.94732e-15     0.770556  -9.2316e-14        2.082      2.72631      11.6884      4.25567     -4.45413      7.18044 
  1.70163e-15     0.770552 -1.01492e-13      2.08197      2.72617      11.6871      4.25511     -4.45418      7.18035 
  9.82439e-16     0.770556 -8.90643e-14        2.082      2.72631      11.6884      4.25567     -4.45413      7.18044 
  5.67211e-16     0.770552 -7.65719e-14      2.08197      2.72617      11.6871      4.25511     -4.45418      7.18035 
   3.2748e-16     0.770556 -6.89061e-14        2.082      2.72631      11.6884      4.25567     -4.45413      7.18044 
   1.8907e-16     0.770552 -5.90331e-14      2.08197      2.72617      11.6871      4.25511     -4.45418      7.18035 
   1.0916e-16     0.770556 -4.89674e-14        2.082      2.72631      11.6884      4.25567     -4.45413      7.18044 
  6.30235e-17     0.770552 -4.23803e-14      2.08197      2.72617      11.6871      4.25511     -4.45418      7.18035 
  3.63866e-17     0.770556 -1.72487e-14        2.082      2.72631      11.6884      4.25567     -4.45413      7.18044 
  2.10078e-17     0.770552  1.01496e-14      2.08197      2.72617      11.6871      4.25511     -4.45418      7.18035 
  1.21289e-17     0.770556  4.31122e-14        2.082      2.72631      11.6884      4.25567     -4.45413      7.18044 
  7.00261e-18     0.770552  5.47612e-14      2.08197      2.72617      11.6871      4.25511     -4.45418      7.18035 
  4.04296e-18     0.770556  6.11112e-14        2.082      2.72631      11.6884      4.25567     -4.45413      7.18044 
   2.3342e-18     0.770552  6.59413e-14      2.08197      2.72617      11.6871      4.25511     -4.45418      7.18035 
  1.34765e-18     0.770556  7.54452e-14        2.082      2.72631      11.6884      4.25567     -4.45413      7.18044 
  7.78067e-19     0.770552  7.59233e-14      2.08197      2.72617      11.6871      4.25511     -4.45418      7.18035 
  4.49217e-19     0.770556  6.65602e-14        2.082      2.72631      11.6884      4.25567     -4.45413      7.18044 
  2.59356e-19     0.770552  3.90627e-14      2.08197      2.72617      11.6871      4.25511     -4.45418      7.18035 
  1.49739e-19     0.770556  2.98977e-14        2.082      2.72631      11.6884      4.25567     -4.45413      7.18044 
  8.64519e-20     0.770552  2.43883e-14      2.08197      2.72617      11.6871      4.25511     -4.45418      7.18035 
   4.9913e-20     0.770556  1.91154e-14        2.082      2.72631      11.6884      4.25567     -4.45413      7.18044 
  2.88173e-20     0.770552  3.46757e-14      2.08197      2.72617      11.6871      4.25511     -4.45418      7.18035 
  1.66377e-20     0.770556  5.38566e-14        2.082      2.72631      11.6884      4.25567     -4.45413      7.18044 
