# T		<Sz^2>	<Q>	<Q^2>	<E>	<E^2>	C	F	S
1.05e+00	0.2486	0.0000	0.9943	0.2806	0.1017	0.0229	-2.4805	2.7611
6.07e-01	0.2466	0.0000	0.9863	0.0195	0.1273	0.0480	-2.7241	2.7436
3.50e-01	0.2426	0.0000	0.9704	0.4052	1.9516	0.0862	-2.3007	2.7059
2.02e-01	0.2225	0.0000	0.8848	-0.1655	-1.7715	-0.7638	-2.5736	2.4081
1.17e-01	0.2200	-0.0000	0.8788	0.4088	1.3844	-0.6876	-1.9722	2.3809
6.74e-02	0.2047	-0.0000	0.8180	-0.1458	-1.4949	-0.6027	-2.3821	2.2363
3.89e-02	0.1936	-0.0000	0.7719	0.5345	2.3743	-0.4029	-1.5995	2.1340
2.25e-02	0.1763	-0.0000	0.7026	-0.1761	-1.3900	-0.3178	-2.1289	1.9528
1.30e-02	0.1603	-0.0000	0.6394	0.5231	2.5741	-0.1377	-1.2718	1.7949
7.49e-03	0.1486	-0.0000	0.5923	-0.2861	-1.9189	-0.2085	-1.9285	1.6424
4.33e-03	0.1368	-0.0000	0.5452	0.4432	2.1848	-0.0771	-1.0867	1.5299
2.50e-03	0.1342	-0.0000	0.5337	-0.3722	-2.4500	-0.2571	-1.8325	1.4603
1.44e-03	0.1271	-0.0000	0.5037	0.4002	1.9432	-0.0822	-1.0119	1.4121
8.32e-04	0.1293	-0.0000	0.5096	-0.4037	-2.6624	-0.2967	-1.7941	1.3904
4.81e-04	0.1247	-0.0000	0.4860	0.3927	1.9027	-0.0821	-0.9797	1.3725
2.77e-04	0.1292	-0.0000	0.4953	-0.4028	-2.6728	-0.3120	-1.7691	1.3663
1.60e-04	0.1265	-0.0000	0.4693	0.4095	1.9931	-0.0831	-0.9480	1.3575
9.25e-05	0.1338	-0.0000	0.4723	-0.3691	-2.4901	-0.3144	-1.7256	1.3565
5.34e-05	0.1350	-0.0000	0.4319	0.4688	2.3304	-0.0743	-0.8786	1.3474
3.08e-05	0.1489	-0.0000	0.4103	-0.2767	-1.9431	-0.2863	-1.6155	1.3388
1.78e-05	0.1605	-0.0000	0.3293	0.5947	3.1368	0.0110	-0.7082	1.3029
1.03e-05	0.1893	-0.0000	0.2485	-0.1522	-1.0102	-0.0801	-1.3743	1.2221
5.93e-06	0.2155	-0.0000	0.1125	0.6222	3.6478	0.3608	-0.4221	1.0442
3.43e-06	0.2432	-0.0000	0.0390	-0.3033	-1.6863	0.1215	-1.1277	0.8244
1.98e-06	0.2468	-0.0000	-0.0075	0.4088	2.2121	0.1399	-0.2924	0.7012
1.14e-06	0.2520	-0.0000	0.0077	-0.4057	-2.5378	-0.1610	-1.0949	0.6892
6.59e-07	0.2477	-0.0000	-0.0095	0.3957	2.0756	0.0748	-0.2900	0.6857
3.81e-07	0.2520	-0.0000	0.0077	-0.4056	-2.5368	-0.1607	-1.0949	0.6893
2.20e-07	0.2477	-0.0000	-0.0095	0.3957	2.0761	0.0750	-0.2900	0.6857
1.27e-07	0.2520	-0.0000	0.0077	-0.4056	-2.5369	-0.1607	-1.0949	0.6893
7.32e-08	0.2477	-0.0000	-0.0095	0.3957	2.0761	0.0750	-0.2900	0.6857
4.23e-08	0.2520	-0.0000	0.0077	-0.4056	-2.5369	-0.1607	-1.0949	0.6893
2.44e-08	0.2477	-0.0000	-0.0095	0.3958	2.0763	0.0752	-0.2900	0.6858
1.41e-08	0.2520	-0.0000	0.0077	-0.4056	-2.5369	-0.1607	-1.0949	0.6893
8.14e-09	0.2477	-0.0000	-0.0095	0.3958	2.0764	0.0752	-0.2900	0.6858
4.70e-09	0.2520	-0.0000	0.0077	-0.4056	-2.5361	-0.1602	-1.0949	0.6894
2.71e-09	0.2477	-0.0000	-0.0094	0.3960	2.0794	0.0773	-0.2900	0.6860
1.57e-09	0.2520	-0.0000	0.0078	-0.4055	-2.5344	-0.1591	-1.0949	0.6895
9.04e-10	0.2477	-0.0000	-0.0094	0.3960	2.0798	0.0776	-0.2900	0.6860
5.22e-10	0.2520	-0.0000	0.0078	-0.4055	-2.5346	-0.1593	-1.0949	0.6895
3.01e-10	0.2477	-0.0000	-0.0094	0.3960	2.0800	0.0777	-0.2900	0.6860
1.74e-10	0.2520	-0.0000	0.0078	-0.4055	-2.5346	-0.1593	-1.0949	0.6895
1.00e-10	0.2477	-0.0000	-0.0094	0.3960	2.0799	0.0776	-0.2900	0.6860
5.80e-11	0.2520	-0.0000	0.0078	-0.4055	-2.5346	-0.1593	-1.0949	0.6895
3.35e-11	0.2477	-0.0000	-0.0094	0.3960	2.0800	0.0777	-0.2900	0.6860
1.93e-11	0.2520	-0.0000	0.0078	-0.4055	-2.5346	-0.1593	-1.0949	0.6895
1.12e-11	0.2477	-0.0000	-0.0094	0.3960	2.0799	0.0777	-0.2900	0.6860
6.45e-12	0.2520	-0.0000	0.0078	-0.4055	-2.5345	-0.1592	-1.0949	0.6895
3.72e-12	0.2477	-0.0000	-0.0094	0.3960	2.0800	0.0777	-0.2900	0.6860
2.15e-12	0.2520	-0.0000	0.0078	-0.4055	-2.5345	-0.1592	-1.0949	0.6895
1.24e-12	0.2477	-0.0000	-0.0094	0.3960	2.0799	0.0777	-0.2900	0.6860
7.16e-13	0.2520	-0.0000	0.0078	-0.4055	-2.5345	-0.1592	-1.0949	0.6895
4.13e-13	0.2477	-0.0000	-0.0094	0.3960	2.0800	0.0777	-0.2900	0.6860
2.39e-13	0.2520	-0.0000	0.0078	-0.4055	-2.5345	-0.1592	-1.0949	0.6895
1.38e-13	0.2477	-0.0000	-0.0094	0.3960	2.0799	0.0777	-0.2900	0.6860
7.96e-14	0.2520	-0.0000	0.0078	-0.4055	-2.5345	-0.1592	-1.0949	0.6895
4.59e-14	0.2477	-0.0000	-0.0094	0.3960	2.0800	0.0777	-0.2900	0.6860
2.65e-14	0.2520	-0.0000	0.0078	-0.4055	-2.5345	-0.1592	-1.0949	0.6895
1.53e-14	0.2477	-0.0000	-0.0094	0.3960	2.0799	0.0777	-0.2900	0.6860
8.84e-15	0.2520	-0.0000	0.0078	-0.4055	-2.5345	-0.1592	-1.0949	0.6895
5.10e-15	0.2477	-0.0000	-0.0094	0.3960	2.0800	0.0777	-0.2900	0.6860
2.95e-15	0.2520	-0.0000	0.0078	-0.4055	-2.5346	-0.1592	-1.0949	0.6895
1.70e-15	0.2477	-0.0000	-0.0094	0.3960	2.0799	0.0776	-0.2900	0.6860
9.82e-16	0.2520	-0.0000	0.0078	-0.4055	-2.5345	-0.1592	-1.0949	0.6895
5.67e-16	0.2477	-0.0000	-0.0094	0.3960	2.0800	0.0777	-0.2900	0.6860
3.27e-16	0.2520	-0.0000	0.0078	-0.4055	-2.5345	-0.1592	-1.0949	0.6895
1.89e-16	0.2477	-0.0000	-0.0094	0.3960	2.0799	0.0777	-0.2900	0.6860
1.09e-16	0.2520	-0.0000	0.0078	-0.4055	-2.5345	-0.1592	-1.0949	0.6895
6.30e-17	0.2477	-0.0000	-0.0094	0.3960	2.0800	0.0777	-0.2900	0.6860
3.64e-17	0.2520	-0.0000	0.0078	-0.4055	-2.5345	-0.1592	-1.0949	0.6895
2.10e-17	0.2477	-0.0000	-0.0094	0.3960	2.0799	0.0777	-0.2900	0.6860
1.21e-17	0.2520	-0.0000	0.0078	-0.4055	-2.5345	-0.1592	-1.0949	0.6895
7.00e-18	0.2477	-0.0000	-0.0094	0.3960	2.0800	0.0777	-0.2900	0.6860
4.04e-18	0.2520	-0.0000	0.0078	-0.4055	-2.5345	-0.1592	-1.0949	0.6895
2.33e-18	0.2477	-0.0000	-0.0094	0.3960	2.0799	0.0777	-0.2900	0.6860
1.35e-18	0.2520	-0.0000	0.0078	-0.4055	-2.5345	-0.1592	-1.0949	0.6895
7.78e-19	0.2477	-0.0000	-0.0094	0.3960	2.0800	0.0777	-0.2900	0.6860
4.49e-19	0.2520	-0.0000	0.0078	-0.4055	-2.5345	-0.1592	-1.0949	0.6895
2.59e-19	0.2477	-0.0000	-0.0094	0.3960	2.0799	0.0777	-0.2900	0.6860
1.50e-19	0.2520	-0.0000	0.0078	-0.4055	-2.5345	-0.1592	-1.0949	0.6895
8.65e-20	0.2477	-0.0000	-0.0094	0.3960	2.0800	0.0777	-0.2900	0.6860
4.99e-20	0.2520	-0.0000	0.0078	-0.4055	-2.5345	-0.1592	-1.0949	0.6895
2.88e-20	0.2477	-0.0000	-0.0094	0.3960	2.0799	0.0777	-0.2900	0.6860
1.66e-20	0.2520	-0.0000	0.0078	-0.4055	-2.5345	-0.1592	-1.0949	0.6895
