# T		<Sz^2>	<Q>	<Q^2>	<E>	<E^2>	C	F	S
1.05e+00	0.2512	0.0000	0.9951	0.0456	0.0026	0.0005	-2.7267	2.7723
6.07e-01	0.2520	-0.0000	0.9915	0.0167	0.0689	0.0011	-2.7552	2.7719
3.50e-01	0.2534	0.0000	0.9851	0.0780	0.3356	0.0022	-2.6931	2.7710
2.02e-01	0.2420	0.0000	0.8929	-0.1721	-1.9828	-0.9359	-2.6572	2.4851
1.17e-01	0.2512	-0.0000	0.9111	-0.0282	-1.0603	-0.9295	-2.5722	2.5440
6.74e-02	0.2540	-0.0000	0.8349	-0.0924	-1.5470	-0.9766	-2.5453	2.4529
3.89e-02	0.2721	-0.0000	0.8179	0.1298	-0.2628	-0.8846	-2.3852	2.5150
2.25e-02	0.2913	-0.0000	0.6857	0.1314	0.0044	-0.8356	-2.2822	2.4136
1.30e-02	0.3318	-0.0000	0.5637	0.3907	1.3841	-0.5897	-1.9854	2.3761
7.49e-03	0.3812	-0.0000	0.3374	0.3467	2.0639	-0.2283	-1.7849	2.1317
4.33e-03	0.4345	-0.0000	0.1423	0.3347	1.7851	0.1130	-1.4599	1.7947
2.50e-03	0.4657	-0.0000	0.0288	0.0676	0.4698	0.0416	-1.4189	1.4865
1.44e-03	0.4766	-0.0000	0.0022	0.0854	0.2532	-0.1521	-1.2950	1.3804
8.32e-04	0.4815	-0.0000	0.0012	0.0041	-0.1162	-0.1417	-1.3693	1.3734
4.81e-04	0.4884	-0.0000	-0.0025	0.1036	0.3299	-0.1638	-1.2578	1.3614
2.77e-04	0.5010	-0.0000	-0.0011	0.0373	0.1153	-0.1199	-1.3252	1.3625
1.60e-04	0.5192	-0.0000	-0.0037	0.1562	0.6270	-0.1254	-1.1875	1.3437
9.25e-05	0.5464	-0.0000	-0.0021	0.0871	0.5105	-0.0428	-1.2340	1.3211
5.34e-05	0.5782	-0.0000	-0.0040	0.1858	0.8909	-0.0096	-1.0688	1.2546
3.08e-05	0.6059	-0.0000	-0.0022	0.0484	0.3569	0.0511	-1.1260	1.1744
1.78e-05	0.6177	-0.0000	-0.0027	0.1122	0.5057	-0.0298	-0.9914	1.1035
1.03e-05	0.6188	-0.0000	-0.0017	-0.0134	-0.1581	-0.0741	-1.1003	1.0868
5.93e-06	0.6171	-0.0000	-0.0021	0.1061	0.4289	-0.0766	-0.9794	1.0854
3.43e-06	0.6152	-0.0000	-0.0016	-0.0148	-0.1702	-0.0779	-1.1005	1.0857
1.98e-06	0.6131	-0.0000	-0.0022	0.1151	0.4728	-0.0768	-0.9697	1.0847
1.14e-06	0.6109	-0.0000	-0.0015	-0.0158	-0.1763	-0.0778	-1.1009	1.0852
6.59e-07	0.6084	-0.0000	-0.0022	0.1254	0.5227	-0.0775	-0.9583	1.0837
3.81e-07	0.6058	-0.0000	-0.0015	-0.0170	-0.1841	-0.0777	-1.1014	1.0844
2.20e-07	0.6028	-0.0000	-0.0023	0.1376	0.5834	-0.0769	-0.9450	1.0826
1.27e-07	0.5998	-0.0000	-0.0014	-0.0188	-0.1954	-0.0781	-1.1020	1.0832
7.32e-08	0.5963	-0.0000	-0.0023	0.1521	0.6567	-0.0754	-0.9291	1.0813
4.23e-08	0.5927	-0.0000	-0.0013	-0.0210	-0.2092	-0.0780	-1.1027	1.0817
2.44e-08	0.5883	-0.0000	-0.0024	0.1691	0.7418	-0.0748	-0.9100	1.0790
1.41e-08	0.5839	-0.0000	-0.0012	-0.0241	-0.2282	-0.0778	-1.1034	1.0794
8.14e-09	0.5785	-0.0000	-0.0025	0.1895	0.8469	-0.0724	-0.8865	1.0760
4.70e-09	0.5731	-0.0000	-0.0010	-0.0284	-0.2537	-0.0768	-1.1043	1.0759
2.71e-09	0.5664	-0.0000	-0.0026	0.2145	0.9805	-0.0650	-0.8575	1.0720
1.57e-09	0.5596	-0.0000	-0.0008	-0.0345	-0.2897	-0.0748	-1.1051	1.0706
9.04e-10	0.5511	-0.0000	-0.0028	0.2437	1.1349	-0.0600	-0.8210	1.0647
5.22e-10	0.5424	-0.0000	-0.0005	-0.0437	-0.3448	-0.0732	-1.1055	1.0618
3.01e-10	0.5314	-0.0000	-0.0033	0.2778	1.3191	-0.0530	-0.7749	1.0528
1.74e-10	0.5204	-0.0000	-0.0000	-0.0574	-0.4262	-0.0698	-1.1050	1.0475
1.00e-10	0.5064	-0.0000	-0.0036	0.3172	1.5423	-0.0368	-0.7172	1.0344
5.80e-11	0.4925	-0.0000	0.0006	-0.0781	-0.5469	-0.0640	-1.1021	1.0241
3.35e-11	0.4748	-0.0000	-0.0042	0.3579	1.7833	-0.0128	-0.6465	1.0044
1.93e-11	0.4580	-0.0000	0.0014	-0.1089	-0.7283	-0.0580	-1.0951	0.9862
1.12e-11	0.4370	-0.0000	-0.0050	0.3929	2.0046	0.0193	-0.5654	0.9583
6.45e-12	0.4187	-0.0000	0.0025	-0.1514	-0.9785	-0.0533	-1.0828	0.9314
3.72e-12	0.3963	-0.0000	-0.0061	0.4132	2.1494	0.0528	-0.4829	0.8961
2.15e-12	0.3793	-0.0000	0.0039	-0.2029	-1.2883	-0.0585	-1.0675	0.8645
1.24e-12	0.3587	-0.0000	-0.0070	0.4162	2.1871	0.0742	-0.4122	0.8284
7.16e-13	0.3459	-0.0000	0.0052	-0.2543	-1.6080	-0.0797	-1.0549	0.8005
4.13e-13	0.3294	-0.0000	-0.0078	0.4098	2.1593	0.0815	-0.3621	0.7719
2.39e-13	0.3217	-0.0000	0.0061	-0.2956	-1.8722	-0.1081	-1.0487	0.7530
1.38e-13	0.3092	-0.0000	-0.0084	0.4026	2.1182	0.0800	-0.3317	0.7343
7.96e-14	0.3056	-0.0000	0.0067	-0.3234	-2.0485	-0.1277	-1.0480	0.7246
4.59e-14	0.2960	-0.0000	-0.0087	0.3982	2.0938	0.0792	-0.3147	0.7129
2.65e-14	0.2950	-0.0000	0.0071	-0.3411	-2.1598	-0.1396	-1.0503	0.7091
1.53e-14	0.2871	-0.0000	-0.0089	0.3960	2.0795	0.0775	-0.3053	0.7013
8.84e-15	0.2878	-0.0000	0.0073	-0.3527	-2.2312	-0.1466	-1.0536	0.7009
5.10e-15	0.2810	-0.0000	-0.0090	0.3950	2.0741	0.0770	-0.3001	0.6952
2.95e-15	0.2827	-0.0000	0.0074	-0.3606	-2.2796	-0.1511	-1.0570	0.6964
1.70e-15	0.2765	-0.0000	-0.0091	0.3948	2.0726	0.0770	-0.2971	0.6918
9.82e-16	0.2788	-0.0000	0.0075	-0.3662	-2.3129	-0.1533	-1.0602	0.6940
5.67e-16	0.2731	-0.0000	-0.0091	0.3948	2.0730	0.0774	-0.2952	0.6900
3.27e-16	0.2759	-0.0000	0.0076	-0.3705	-2.3379	-0.1547	-1.0630	0.6926
1.89e-16	0.2704	-0.0000	-0.0092	0.3947	2.0721	0.0767	-0.2940	0.6887
1.09e-16	0.2735	-0.0000	0.0077	-0.3737	-2.3553	-0.1544	-1.0655	0.6919
6.30e-17	0.2683	-0.0000	-0.0092	0.3949	2.0734	0.0772	-0.2931	0.6880
3.64e-17	0.2716	-0.0000	0.0077	-0.3764	-2.3709	-0.1550	-1.0677	0.6913
2.10e-17	0.2665	-0.0000	-0.0093	0.3950	2.0744	0.0775	-0.2926	0.6876
1.21e-17	0.2700	-0.0000	0.0077	-0.3786	-2.3838	-0.1555	-1.0696	0.6909
7.00e-18	0.2650	-0.0000	-0.0093	0.3951	2.0753	0.0777	-0.2921	0.6873
4.04e-18	0.2686	-0.0000	0.0077	-0.3806	-2.3946	-0.1558	-1.0713	0.6907
2.33e-18	0.2638	-0.0000	-0.0093	0.3952	2.0759	0.0778	-0.2918	0.6870
1.35e-18	0.2675	-0.0000	0.0077	-0.3822	-2.4040	-0.1560	-1.0727	0.6905
7.78e-19	0.2627	-0.0000	-0.0093	0.3953	2.0758	0.0775	-0.2915	0.6868
4.49e-19	0.2664	-0.0000	0.0077	-0.3837	-2.4121	-0.1562	-1.0740	0.6904
2.59e-19	0.2617	-0.0000	-0.0093	0.3954	2.0770	0.0780	-0.2913	0.6867
1.50e-19	0.2656	-0.0000	0.0077	-0.3849	-2.4192	-0.1564	-1.0752	0.6902
8.65e-20	0.2609	-0.0000	-0.0094	0.3953	2.0758	0.0770	-0.2912	0.6865
4.99e-20	0.2648	-0.0000	0.0077	-0.3861	-2.4255	-0.1565	-1.0762	0.6902
2.88e-20	0.2602	-0.0000	-0.0095	0.3955	2.0767	0.0774	-0.2910	0.6865
1.66e-20	0.2641	-0.0000	0.0077	-0.3870	-2.4311	-0.1566	-1.0771	0.6901
