#           1 
#           T 
      1.05105 
     0.606826 
     0.350351 
     0.202275 
     0.116784 
    0.0674251 
    0.0389279 
     0.022475 
     0.012976 
   0.00749168 
   0.00432532 
   0.00249723 
   0.00144177 
  0.000832409 
  0.000480592 
   0.00027747 
  0.000160197 
  9.24899e-05 
  5.33991e-05 
    3.083e-05 
  1.77997e-05 
  1.02767e-05 
  5.93323e-06 
  3.42555e-06 
  1.97774e-06 
  1.14185e-06 
  6.59248e-07 
  3.80617e-07 
  2.19749e-07 
  1.26872e-07 
  7.32497e-08 
  4.22908e-08 
  2.44166e-08 
  1.40969e-08 
  8.13886e-09 
  4.69897e-09 
  2.71295e-09 
  1.56632e-09 
  9.04318e-10 
  5.22108e-10 
  3.01439e-10 
  1.74036e-10 
   1.0048e-10 
   5.8012e-11 
  3.34933e-11 
  1.93373e-11 
  1.11644e-11 
  6.44578e-12 
  3.72147e-12 
  2.14859e-12 
  1.24049e-12 
  7.16198e-13 
  4.13497e-13 
  2.38733e-13 
  1.37832e-13 
  7.95775e-14 
  4.59441e-14 
  2.65258e-14 
  1.53147e-14 
  8.84195e-15 
   5.1049e-15 
  2.94732e-15 
  1.70163e-15 
  9.82439e-16 
  5.67211e-16 
   3.2748e-16 
   1.8907e-16 
   1.0916e-16 
  6.30235e-17 
  3.63866e-17 
  2.10078e-17 
  1.21289e-17 
  7.00261e-18 
  4.04296e-18 
   2.3342e-18 
  1.34765e-18 
  7.78067e-19 
  4.49217e-19 
  2.59356e-19 
  1.49739e-19 
  8.64519e-20 
   4.9913e-20 
  2.88173e-20 
  1.66377e-20 
