#           T       <Sz^2>          <Q>        <Q^2>          <E>        <E^2>            C            F            S 
      1.05105         0.25            0            1            0            0            0     -2.77259      2.77259 
     0.606826     0.422549  1.03331e-16      1.69019       2.0183      5.24367      1.17013     -2.89019      4.90849 
     0.350351     0.510638  3.65415e-16      2.04255        2.099      7.43007      3.02426     -4.11095      6.20995 
     0.202275     0.517548  1.73113e-15      2.07022      3.12118       14.034      4.29222     -3.34871      6.46989 
     0.116784     0.522386  2.73756e-07      2.08956       2.3154      9.40038      4.03929     -4.16164      6.47705 
    0.0674251     0.518285  -1.3398e-11      2.07306      3.12256      14.0684      4.31805     -3.35729      6.47985 
    0.0389279      0.52257 -1.15255e-11      2.09032      2.31953      9.44932      4.06909     -4.16302      6.48255 
     0.022475     0.518326 -2.45203e-14      2.07322      3.12119      14.0503       4.3085     -3.35807      6.47926 
     0.012976     0.522582 -6.17659e-14      2.09037      2.31945      9.44765      4.06781     -4.16311      6.48256 
   0.00749168     0.518333 -7.12132e-14      2.07325      3.12115        14.05      4.30841     -3.35816      6.47932 
   0.00432532     0.522584 -7.93158e-14      2.09038      2.31945      9.44766      4.06779     -4.16312      6.48258 
   0.00249723     0.518334 -8.08385e-14      2.07325      3.12115        14.05       4.3084     -3.35817      6.47932 
   0.00144177     0.522584 -7.96768e-14      2.09038      2.31945      9.44766      4.06779     -4.16312      6.48258 
  0.000832409     0.518334 -7.83891e-14      2.07325      3.12115        14.05       4.3084     -3.35818      6.47932 
  0.000480592     0.522584 -7.79562e-14      2.09038      2.31945      9.44766      4.06779     -4.16312      6.48258 
   0.00027747     0.518334 -7.80843e-14      2.07325      3.12115        14.05       4.3084     -3.35818      6.47932 
  0.000160197     0.522584 -7.80732e-14      2.09038      2.31945      9.44766      4.06779     -4.16312      6.48258 
  9.24899e-05     0.518334 -7.92646e-14      2.07325      3.12115        14.05       4.3084     -3.35818      6.47932 
  5.33991e-05     0.522584 -8.20627e-14      2.09038      2.31945      9.44766      4.06779     -4.16312      6.48258 
    3.083e-05     0.518334  -8.2959e-14      2.07325      3.12115        14.05       4.3084     -3.35818      6.47932 
  1.77997e-05     0.522584 -8.27457e-14      2.09038      2.31945      9.44766      4.06779     -4.16312      6.48258 
  1.02767e-05     0.518334 -8.42162e-14      2.07325      3.12115        14.05       4.3084     -3.35818      6.47932 
  5.93323e-06     0.522584 -8.64208e-14      2.09038      2.31945      9.44766      4.06779     -4.16312      6.48258 
  3.42555e-06     0.518334 -8.80882e-14      2.07325      3.12115        14.05       4.3084     -3.35818      6.47932 
  1.97774e-06     0.522584 -8.87984e-14      2.09038      2.31945      9.44766      4.06779     -4.16312      6.48258 
  1.14185e-06     0.518334 -8.94463e-14      2.07325      3.12115        14.05       4.3084     -3.35818      6.47932 
  6.59248e-07     0.522584 -8.95886e-14      2.09038      2.31945      9.44766      4.06779     -4.16312      6.48258 
  3.80617e-07     0.518334 -9.04515e-14      2.07325      3.12115        14.05       4.3084     -3.35818      6.47932 
  2.19749e-07     0.522584 -9.07136e-14      2.09038      2.31945      9.44766      4.06779     -4.16312      6.48258 
  1.26872e-07     0.518334  -9.0189e-14      2.07325      3.12115        14.05       4.3084     -3.35818      6.47932 
  7.32497e-08     0.522584 -8.98884e-14      2.09038      2.31945      9.44766      4.06779     -4.16312      6.48258 
  4.22908e-08     0.518334 -9.01019e-14      2.07325      3.12115        14.05       4.3084     -3.35818      6.47932 
  2.44166e-08     0.522584 -9.21352e-14      2.09038      2.31945      9.44766      4.06779     -4.16312      6.48258 
  1.40969e-08     0.518334 -9.23357e-14      2.07325      3.12115        14.05       4.3084     -3.35818      6.47932 
  8.13886e-09     0.522584  -9.2027e-14      2.09038      2.31945      9.44766      4.06779     -4.16312      6.48258 
  4.69897e-09     0.518334 -9.30153e-14      2.07325      3.12115        14.05       4.3084     -3.35818      6.47932 
  2.71295e-09     0.522584 -9.52506e-14      2.09038      2.31945      9.44766      4.06779     -4.16312      6.48258 
  1.56632e-09     0.518334  -9.7021e-14      2.07325      3.12115        14.05       4.3084     -3.35818      6.47932 
  9.04318e-10     0.522584 -9.81725e-14      2.09038      2.31945      9.44766      4.06779     -4.16312      6.48258 
  5.22108e-10     0.518334 -9.75894e-14      2.07325      3.12115        14.05       4.3084     -3.35818      6.47932 
  3.01439e-10     0.522584 -9.60245e-14      2.09038      2.31945      9.44766      4.06779     -4.16312      6.48258 
  1.74036e-10     0.518334 -9.49298e-14      2.07325      3.12115        14.05       4.3084     -3.35818      6.47932 
   1.0048e-10     0.522584  -9.2774e-14      2.09038      2.31945      9.44766      4.06779     -4.16312      6.48258 
   5.8012e-11     0.518334 -9.27256e-14      2.07325      3.12115        14.05       4.3084     -3.35818      6.47932 
  3.34933e-11     0.522584 -9.13917e-14      2.09038      2.31945      9.44766      4.06779     -4.16312      6.48258 
  1.93373e-11     0.518334 -9.21534e-14      2.07325      3.12115        14.05       4.3084     -3.35818      6.47932 
  1.11644e-11     0.522584 -9.17548e-14      2.09038      2.31945      9.44766      4.06779     -4.16312      6.48258 
  6.44578e-12     0.518334  -9.2014e-14      2.07325      3.12115        14.05       4.3084     -3.35818      6.47932 
  3.72147e-12     0.522584 -9.04795e-14      2.09038      2.31945      9.44766      4.06779     -4.16312      6.48258 
  2.14859e-12     0.518334 -9.03808e-14      2.07325      3.12115        14.05       4.3084     -3.35818      6.47932 
  1.24049e-12     0.522584  -8.9875e-14      2.09038      2.31945      9.44766      4.06779     -4.16312      6.48258 
  7.16198e-13     0.518334 -8.96871e-14      2.07325      3.12115        14.05       4.3084     -3.35818      6.47932 
  4.13497e-13     0.522584 -8.71316e-14      2.09038      2.31945      9.44766      4.06779     -4.16312      6.48258 
  2.38733e-13     0.518334 -8.73344e-14      2.07325      3.12115        14.05       4.3084     -3.35818      6.47932 
  1.37832e-13     0.522584 -8.67907e-14      2.09038      2.31945      9.44766      4.06779     -4.16312      6.48258 
  7.95775e-14     0.518334 -8.75434e-14      2.07325      3.12115        14.05       4.3084     -3.35818      6.47932 
  4.59441e-14     0.522584 -8.60384e-14      2.09038      2.31945      9.44766      4.06779     -4.16312      6.48258 
  2.65258e-14     0.518334 -8.50487e-14      2.07325      3.12115        14.05       4.3084     -3.35818      6.47932 
  1.53147e-14     0.522584 -8.41297e-14      2.09038      2.31945      9.44766      4.06779     -4.16312      6.48258 
  8.84195e-15     0.518334 -8.55977e-14      2.07325      3.12115        14.05       4.3084     -3.35818      6.47932 
   5.1049e-15     0.522584 -8.51506e-14      2.09038      2.31945      9.44766      4.06779     -4.16312      6.48258 
  2.94732e-15     0.518334 -8.59342e-14      2.07325      3.12115        14.05       4.3084     -3.35818      6.47932 
  1.70163e-15     0.522584 -8.48527e-14      2.09038      2.31945      9.44766      4.06779     -4.16312      6.48258 
