#           T       <Sz^2>          <Q>        <Q^2>          <E>        <E^2>            C            F            S 
      1.05105     0.604962 -8.12078e-17      1.54829      0.65798     0.840205     0.407268     -4.65653      5.31451 
     0.606826     0.827302  2.40877e-16      2.00441      2.51013      8.22383      1.92308      -4.6234      7.13353 
     0.350351     0.954683  2.32518e-15      2.15512      2.49325      9.99314      3.77683      -5.4968      7.99005 
     0.202275     0.974664  9.12151e-15        2.091      3.15919      14.3444      4.36391     -4.76442      7.92361 
     0.116784     0.984876  1.70256e-14      2.09495      2.45459      10.0623      4.03732     -5.42277      7.87736 
    0.0674251     0.981524  1.96633e-14      2.07582      3.12542       14.035      4.26677     -4.73821      7.86362 
    0.0389279     0.989682  1.84594e-14      2.08898      2.47032      10.1185      4.01605     -5.38634      7.85666 
     0.022475     0.991809  1.85911e-14      2.07333      3.14781      14.1879      4.27918     -4.70602      7.85383 
     0.012976      1.00786  2.60877e-14       2.0877      2.51995      10.3854      4.03528     -5.32434      7.84429 
   0.00749168      1.02298  2.79119e-14      2.07247      3.19727      14.5549      4.33242     -4.63452      7.83179 
   0.00432532      1.05276  2.77966e-14      2.08704      2.58098       10.784      4.12256     -5.20956      7.79053 
   0.00249723      1.07752  2.99767e-14      2.07233      3.20364      14.7212      4.45794     -4.52024      7.72387 
   0.00144177      1.10101  3.56518e-14       2.0879      2.54403       10.679      4.20692     -5.09042      7.63445 
  0.000832409      1.10135   4.6975e-14      2.07272      3.11564      14.0801      4.37284     -4.46436         7.58 
  0.000480592      1.10132  5.11055e-14      2.08891      2.51992       10.457      4.10697     -5.05055      7.57048 
   0.00027747      1.09163  5.71663e-14      2.07323      3.10348      13.9707      4.33908     -4.46351      7.56699 
  0.000160197      1.08923  6.64971e-14      2.08879      2.54481      10.5889      4.11284     -5.02151      7.56631 
  9.24899e-05      1.07808  5.84983e-14      2.07344      3.09725       13.933      4.34001     -4.46428      7.56153 
  5.33991e-05      1.07384    4.475e-14      2.08861      2.57398       10.743      4.11759     -4.98497      7.55895 
    3.083e-05      1.06087  3.34571e-14      2.07374      3.08807      13.8779      4.34175     -4.46471      7.55278 
  1.77997e-05      1.05417  2.79176e-14       2.0881      2.60819      10.9271      4.12445     -4.93885      7.54704 
  1.02767e-05      1.03888  1.83073e-14       2.0742      3.07428      13.7964      4.34516     -4.46414      7.53842 
  5.93323e-06      1.02911  4.45479e-16      2.08774      2.64761      11.1508      4.14093     -4.88102      7.52863 
  3.42555e-06      1.01091 -2.96697e-14      2.07483      3.05361      13.6755      4.35099     -4.46132      7.51493 
  1.97774e-06     0.997496 -6.29001e-14      2.08719      2.68825      11.3914       4.1647     -4.81026      7.49851 
  1.14185e-06     0.976439 -7.86894e-14      2.07566      3.02271      13.4938      4.35697     -4.45427      7.47699 
  6.59248e-07     0.959721 -8.30975e-14      2.08634      2.72318      11.6126      4.19694     -4.72919      7.45236 
  3.80617e-07     0.937086 -8.46146e-14      2.07675      2.98019      13.2432      4.36165     -4.44191       7.4221 
  2.19749e-07     0.919015  -9.7526e-14      2.08529      2.74346      11.7569      4.23035      -4.6467      7.39016 
  1.26872e-07     0.897655 -1.15477e-13      2.07816      2.92863      12.9332       4.3563     -4.42657      7.35521 
  7.32497e-08     0.881387 -1.29352e-13      2.08437      2.74638      11.7943      4.25171     -4.57607      7.32244 
  4.22908e-08      0.86438 -1.22505e-13      2.07943      2.87725      12.6136      4.33508       -4.414      7.29125 
  2.44166e-08     0.852127 -1.06745e-13      2.08355      2.73995      11.7662       4.2589      -4.5261      7.26605 
  1.40969e-08      0.84016 -9.35116e-14       2.0803      2.83603      12.3498      4.30669     -4.40783      7.24387 
  8.13886e-09     0.831992 -7.24199e-14      2.08297      2.73274      11.7253       4.2574     -4.49571      7.22846 
  4.69897e-09     0.824123 -5.39044e-14      2.08096      2.80832      12.1738      4.28713      -4.4072      7.21551 
  2.71295e-09     0.818762 -4.35569e-14      2.08269      2.72841      11.7008      4.25664     -4.47874      7.20715 
  1.56632e-09     0.813549   -3.509e-14      2.08135       2.7906      12.0627      4.27528     -4.40947      7.20007 
  9.04318e-10     0.809918 -2.98829e-14      2.08246      2.72613      11.6867      4.25489     -4.46943      7.19556 
  5.22108e-10     0.806342 -2.11023e-14      2.08157      2.77907      11.9914      4.26822     -4.41278      7.19185 
  3.01439e-10     0.803775 -1.04176e-14      2.08236      2.72521      11.6812      4.25443     -4.46422      7.18944 
  1.74036e-10     0.801203  1.45254e-14      2.08168      2.77117      11.9432      4.26383     -4.41621      7.18739 
   1.0048e-10     0.799295  4.47502e-14      2.08229      2.72495      11.6798      4.25446     -4.46119      7.18614 
