# T		<Sz^2>	<Q>	<Q^2>	<E>	<E^2>	C	F	S
1.05e+00	0.3550	-0.0000	0.5483	0.6580	0.8402	0.4073	-1.8839	2.5419
6.07e-01	0.4048	0.0000	0.3142	0.4918	2.9802	0.7530	-1.7332	2.2250
3.50e-01	0.4440	0.0000	0.1126	0.3942	2.5631	0.7526	-1.3859	1.7801
2.02e-01	0.4569	0.0000	0.0200	0.0314	0.2039	0.0061	-1.4151	1.4465
1.17e-01	0.4622	-0.0000	0.0041	0.1244	0.4498	-0.1456	-1.2596	1.3841
6.74e-02	0.4630	-0.0000	0.0018	-0.0069	-0.1941	-0.1508	-1.3800	1.3731
3.89e-02	0.4668	-0.0000	-0.0025	0.1399	0.5064	-0.1650	-1.2223	1.3621
2.25e-02	0.4732	-0.0000	-0.0009	0.0158	-0.0380	-0.1374	-1.3469	1.3628
1.30e-02	0.4850	-0.0000	-0.0038	0.1895	0.7734	-0.1455	-1.1602	1.3496
7.49e-03	0.5044	-0.0000	-0.0018	0.0653	0.3294	-0.0841	-1.2753	1.3407
4.33e-03	0.5299	-0.0000	-0.0045	0.2505	1.1719	-0.0583	-1.0454	1.2959
2.50e-03	0.5589	-0.0000	-0.0020	0.0717	0.4957	0.0414	-1.1610	1.2327
1.44e-03	0.5781	-0.0000	-0.0036	0.2135	1.0670	0.0261	-0.9262	1.1398
8.32e-04	0.5828	-0.0000	-0.0016	-0.0163	-0.1453	-0.0436	-1.1052	1.0889
4.81e-04	0.5784	-0.0000	-0.0026	0.1894	0.8450	-0.0738	-0.8864	1.0758
2.77e-04	0.5731	-0.0000	-0.0011	-0.0284	-0.2547	-0.0774	-1.1043	1.0759
1.60e-04	0.5664	-0.0000	-0.0027	0.2143	0.9769	-0.0679	-0.8573	1.0716
9.25e-05	0.5595	-0.0000	-0.0008	-0.0347	-0.2924	-0.0764	-1.1051	1.0704
5.34e-05	0.5510	-0.0000	-0.0029	0.2435	1.1310	-0.0632	-0.8208	1.0643
3.08e-05	0.5423	-0.0000	-0.0005	-0.0438	-0.3474	-0.0747	-1.1055	1.0617
1.78e-05	0.5313	-0.0000	-0.0034	0.2777	1.3156	-0.0560	-0.7747	1.0524
1.03e-05	0.5203	-0.0000	-0.0001	-0.0576	-0.4289	-0.0713	-1.1049	1.0473
5.93e-06	0.5062	-0.0000	-0.0037	0.3171	1.5394	-0.0394	-0.7169	1.0340
3.43e-06	0.4923	-0.0000	0.0006	-0.0783	-0.5498	-0.0654	-1.1021	1.0238
1.98e-06	0.4746	-0.0000	-0.0043	0.3578	1.7800	-0.0156	-0.6461	1.0039
1.14e-06	0.4579	-0.0000	0.0014	-0.1092	-0.7315	-0.0594	-1.0951	0.9859
6.59e-07	0.4369	-0.0000	-0.0051	0.3927	2.0013	0.0167	-0.5650	0.9577
3.81e-07	0.4185	-0.0000	0.0025	-0.1517	-0.9820	-0.0547	-1.0827	0.9310
2.20e-07	0.3961	-0.0000	-0.0062	0.4130	2.1459	0.0503	-0.4825	0.8956
1.27e-07	0.3791	-0.0000	0.0039	-0.2033	-1.2921	-0.0601	-1.0674	0.8641
7.32e-08	0.3585	-0.0000	-0.0071	0.4159	2.1833	0.0716	-0.4119	0.8278
4.23e-08	0.3458	-0.0000	0.0052	-0.2547	-1.6117	-0.0813	-1.0548	0.8001
2.44e-08	0.3293	-0.0000	-0.0079	0.4095	2.1554	0.0790	-0.3619	0.7715
1.41e-08	0.3216	-0.0000	0.0060	-0.2959	-1.8755	-0.1097	-1.0486	0.7528
8.14e-09	0.3091	-0.0000	-0.0085	0.4023	2.1146	0.0775	-0.3316	0.7339
4.70e-09	0.3056	-0.0000	0.0067	-0.3236	-2.0507	-0.1287	-1.0480	0.7244
2.71e-09	0.2959	-0.0000	-0.0087	0.3982	2.0931	0.0788	-0.3146	0.7128
1.57e-09	0.2950	-0.0000	0.0071	-0.3412	-2.1601	-0.1395	-1.0503	0.7091
9.04e-10	0.2871	-0.0000	-0.0089	0.3959	2.0794	0.0774	-0.3053	0.7012
5.22e-10	0.2878	-0.0000	0.0073	-0.3527	-2.2316	-0.1467	-1.0536	0.7009
3.01e-10	0.2809	-0.0000	-0.0090	0.3950	2.0741	0.0770	-0.3001	0.6951
1.74e-10	0.2826	-0.0000	0.0074	-0.3606	-2.2798	-0.1511	-1.0570	0.6964
1.00e-10	0.2764	-0.0000	-0.0091	0.3948	2.0726	0.0770	-0.2971	0.6918
