#           1 
#           T 
      1.03535 
     0.654814 
     0.414141 
     0.261926 
     0.165656 
      0.10477 
    0.0662625 
    0.0419081 
     0.026505 
    0.0167632 
     0.010602 
    0.0067053 
    0.0042408 
   0.00268212 
   0.00169632 
   0.00107285 
  0.000678528 
  0.000429139 
  0.000271411 
  0.000171656 
  0.000108565 
  6.86622e-05 
  4.34258e-05 
  2.74649e-05 
  1.73703e-05 
   1.0986e-05 
  6.94813e-06 
  4.39438e-06 
  2.77925e-06 
  1.75775e-06 
   1.1117e-06 
  7.03101e-07 
   4.4468e-07 
   2.8124e-07 
  1.77872e-07 
  1.12496e-07 
  7.11488e-08 
  4.49985e-08 
  2.84595e-08 
  1.79994e-08 
  1.13838e-08 
  7.19976e-09 
  4.55353e-09 
   2.8799e-09 
  1.82141e-09 
  1.15196e-09 
  7.28564e-10 
  4.60784e-10 
  2.91426e-10 
  1.84314e-10 
   1.1657e-10 
  7.37255e-11 
  4.66281e-11 
  2.94902e-11 
  1.86512e-11 
  1.17961e-11 
   7.4605e-12 
  4.71843e-12 
   2.9842e-12 
  1.88737e-12 
  1.19368e-12 
  7.54949e-13 
  4.77472e-13 
   3.0198e-13 
  1.90989e-13 
  1.20792e-13 
  7.63955e-14 
  4.83167e-14 
  3.05582e-14 
  1.93267e-14 
  1.22233e-14 
  7.73068e-15 
  4.88931e-15 
  3.09227e-15 
  1.95572e-15 
  1.23691e-15 
