#           T       <Sz^2>          <Q>        <Q^2>          <E>        <E^2>            C            F            S 
      1.03535     0.737743 -1.60271e-17     0.999556     0.143086    0.0223086   0.00183485     -4.01489      4.15798 
     0.654814     0.911012  1.41484e-16      1.71014      1.98405      5.03551      1.09905     -4.35267      6.33672 
     0.414141       1.0188 -5.23078e-16      2.16365      2.29613      8.02843      2.75623     -5.59293      7.88905 
     0.261926      1.04851  -4.1611e-15      2.29544      3.42074      16.0205      4.31905     -5.09638      8.51712 
     0.165656      1.04419 -9.95757e-15      2.29251      2.77442      12.0016      4.30418      -5.7412      8.51562 
      0.10477      1.04015 -1.03191e-14      2.29713      3.41012      15.9444      4.31547     -5.11246      8.52258 
    0.0662625      1.04317  3.54646e-15      2.29485      2.77808      12.0179      4.30018     -5.73752       8.5156 
    0.0419081      1.03868  1.92363e-14      2.29753      3.40693      15.9168      4.30964      -5.1148      8.52173 
     0.026505      1.04164  2.58366e-14      2.29483      2.78411        12.05      4.29867     -5.73077      8.51488 
    0.0167632      1.03717  2.21199e-14      2.29758      3.40623      15.9113      4.30887     -5.11525      8.52148 
     0.010602      1.04005   1.4132e-14      2.29483      2.79155      12.0912      4.29849     -5.72308      8.51463 
    0.0067053      1.03552  1.62359e-14       2.2976      3.40595      15.9095      4.30899     -5.11547      8.52142 
    0.0042408      1.03829  2.65723e-14      2.29484          2.8      12.1387      4.29869     -5.71451      8.51451 
   0.00268212      1.03476  3.25222e-14        2.301      3.41079      15.9597      4.32619     -5.11717      8.52796 
   0.00169632      1.03539  2.19346e-14      2.29313      2.80566      12.1556      4.28386     -5.70392      8.50958 
   0.00107285       1.0316  3.85508e-13      2.29763      3.40524      15.9049      4.30918     -5.11586      8.52111 
  0.000678528      1.03312  2.95356e-14      2.29306      2.81622       12.215      4.28383     -5.69299      8.50922 
  0.000429139      1.02927  8.53112e-13      2.29764      3.40491      15.9031      4.30971     -5.11613      8.52104 
  0.000271411      1.03061  5.33493e-14       2.2931      2.82842      12.2844      4.28439     -5.68063      8.50906 
  0.000171656      1.02662  1.75836e-12      2.29767      3.40447      15.9007      4.31024     -5.11643       8.5209 
  0.000108565      1.02772  1.07758e-13      2.29313      2.84252      12.3658      4.28582     -5.66648        8.509 
  6.86622e-05      1.02357  3.63938e-12      2.29771       3.4039      15.8974      4.31088     -5.11678      8.52068 
  4.34258e-05      1.02439  2.27044e-13      2.29313      2.85905      12.4631      4.28892     -5.65014       8.5092 
  2.74649e-05      1.02003  7.58978e-12      2.29775      3.40317      15.8933      4.31168     -5.11717      8.52034 
  1.73703e-05      1.01944  4.12496e-13      2.29199      2.87483       12.543       4.2784     -5.63014      8.50497 
   1.0986e-05      1.01681 -2.20314e-14      2.30087      3.40682      15.9351      4.32868     -5.11892      8.52575 
  6.94813e-06       1.0143 -7.09613e-14      2.29303      2.89555      12.6598      4.27558     -5.60696      8.50251 
  4.39438e-06      1.01185 -8.65191e-14      2.30092      3.40546       15.927      4.32985     -5.11939      8.52485 
  2.77925e-06      1.00884 -9.04722e-14      2.29316      2.92196      12.8156      4.27777      -5.5796      8.50156 
  1.75775e-06      1.00587 -9.31536e-14      2.30093      3.40357      15.9158      4.33148     -5.11986      8.52343 
   1.1117e-06      1.00219 -9.04023e-14       2.2933      2.95381      13.0057      4.28069     -5.54621      8.50002 
  7.03101e-07     0.998531 -8.57502e-14      2.30093      3.40092      15.9001       4.3338     -5.12028       8.5212 
   4.4468e-07      0.99396  -8.5041e-14      2.29346      2.99275      13.2413      4.28472     -5.50476      8.49751 
   2.8124e-07     0.989344 -9.09312e-14      2.30093      3.39713      15.8778       4.3373     -5.12051      8.51764 
  1.77872e-07     0.983506 -9.69719e-14      2.29381      3.04154      13.5439      4.29299     -5.45235      8.49388 
  1.12496e-07     0.977584 -9.58081e-14      2.30093      3.39158      15.8458        4.343     -5.12024      8.51183 
  7.11488e-08     0.969991 -8.40115e-14      2.29421      3.10295       13.933      4.30475     -5.38447      8.48742 
  4.49985e-08      0.96051 -7.58219e-14      2.29901      3.37674      15.7319      4.32952     -5.11694      8.49368 
  2.84595e-08     0.951757 -7.64383e-14      2.29019      3.17804      14.4088      4.30887     -5.29388      8.47192 
  1.79994e-08     0.938713 -7.52261e-14      2.29769      3.36069      15.6312      4.33704     -5.11135      8.47203 
  1.13838e-08     0.927029 -6.27423e-14      2.29153      3.27794      15.0837      4.33878      -5.1724      8.45034 
  7.19976e-09     0.909967 -5.26432e-14      2.29843      3.34294      15.5556      4.38037     -5.09996      8.44291 
  4.55353e-09      0.89252 -5.38903e-14      2.29232      3.39959      15.9396      4.38239     -5.00561      8.40519 
   2.8799e-09     0.868448  -6.5006e-14       2.2964      3.30741      15.3719      4.43292     -5.06886      8.37627 
  1.82141e-09     0.844099 -7.02956e-14      2.29446      3.53854      16.9964      4.47514     -4.78162      8.32015 
  1.15196e-09     0.812729 -6.30968e-14      2.29983       3.2595      15.1907      4.56635     -5.00104      8.26055 
  7.28564e-10     0.778823 -4.10631e-14      2.30126      3.66244      18.0581      4.64467     -4.50235      8.16479 
  4.60784e-10     0.742356  -1.5211e-14      2.30493      3.17814      14.8643      4.76371     -4.87628      8.05442 
  2.91426e-10     0.706326  2.09338e-15      2.30706      3.70827      18.6141       4.8628     -4.20893       7.9172 
  1.84314e-10     0.672575  7.58779e-15      2.31085      3.05011      14.2417      4.93854     -4.72257      7.77269 
   1.1657e-10     0.644659 -4.98725e-15      2.31238      3.65807      18.3569      4.97541     -3.97869      7.63676 
  7.37255e-11     0.622904  -3.0063e-14      2.31581      2.91186      13.4377      4.95875      -4.6056      7.51746 
  4.66281e-11     0.608208 -5.62576e-14      2.31568      3.58617      17.8085      4.94782     -3.84873       7.4349 
  2.94902e-11     0.597842 -8.51618e-14      2.31903      2.82493      12.8979       4.9177     -4.54586      7.37079 
  1.86512e-11     0.591618 -1.09367e-13      2.31724      3.54487       17.473      4.90686     -3.79047      7.33534 
  1.17961e-11     0.587295 -1.22077e-13      2.31992      2.78482      12.6447      4.88947     -4.52057      7.30539 
   7.4605e-12     0.584765  -1.2392e-13      2.31782      3.52666      17.3214      4.88412     -3.76651      7.29317 
  4.71843e-12     0.582998 -1.15501e-13      2.32017      2.76775      12.5335      4.87301     -4.51033      7.27808 
   2.9842e-12      0.58198 -9.20837e-14      2.31806      3.51901      17.2563      4.87286     -3.75684      7.27584 
  1.88737e-12     0.581284 -5.20035e-14      2.32035      2.76132      12.4939      4.86906     -4.50631      7.26763 
  1.19368e-12      0.58088 -8.49929e-15      2.31815      3.51604      17.2315      4.86904     -3.75297      7.26901 
  7.54949e-13     0.580589  4.46607e-14      2.32043      2.75861      12.4762      4.86628     -4.50469      7.26331 
  4.77472e-13       0.5804  9.16089e-14      2.31859      3.51457      17.2178      4.86555     -3.75138      7.26595 
   3.0198e-13     0.580308  1.26657e-13      2.32047      2.75758        12.47      4.86572     -4.50405      7.26163 
  1.90989e-13     0.580212  1.53174e-13      2.31936      3.51441      17.2183      4.86718      -3.7508      7.26521 
  1.20792e-13     0.580196  1.59274e-13      2.32048      2.75713      12.4671      4.86534     -4.50378      7.26091 
  7.63955e-14     0.580122  1.36825e-13      2.31951      3.51426      17.2172      4.86719     -3.75055      7.26481 
  4.83167e-14     0.580151  9.23309e-14      2.32048      2.75695       12.466      4.86519     -4.50367      7.26062 
  3.05582e-14     0.580094  6.09963e-14      2.31948      3.51409      17.2152      4.86638     -3.75044      7.26453 
  1.93267e-14     0.580133  5.07605e-14      2.32048      2.75688      12.4655      4.86512     -4.50363      7.26051 
  1.22233e-14     0.580082  4.92937e-14      2.31948      3.51406       17.215      4.86634      -3.7504      7.26446 
  7.73068e-15     0.580126  4.45373e-14      2.32048      2.75685      12.4653       4.8651     -4.50361      7.26046 
  4.88931e-15     0.580082  4.91177e-14      2.31968      3.51457      17.2225      4.87029     -3.75045      7.26502 
  3.09227e-15     0.580123   5.7274e-14      2.32048      2.75684      12.4653       4.8651     -4.50361      7.26045 
  1.95572e-15      0.58008  8.18954e-14      2.31968      3.51456      17.2224      4.87028     -3.75044        7.265 
  1.23691e-15     0.580122  8.98482e-14      2.32048      2.75684      12.4653       4.8651      -4.5036      7.26044 
