# T		<Sz^2>	<Q>	<Q^2>	<E>	<E^2>	C	F	S
1.05e+00	0.6175	0.0000	-0.0041	0.2733	0.0914	0.0167	-0.8173	1.0906
6.07e-01	0.5936	0.0000	-0.0077	-0.0090	-0.0107	0.0255	-1.0897	1.0807
3.50e-01	0.5658	0.0000	-0.0112	0.2412	1.0921	0.0211	-0.8239	1.0652
2.02e-01	0.5548	0.0000	-0.0071	-0.0334	-0.2519	-0.0444	-1.0960	1.0626
1.17e-01	0.5478	-0.0000	-0.0065	0.2557	1.1777	-0.0792	-0.8048	1.0605
6.74e-02	0.5409	-0.0000	-0.0031	-0.0395	-0.3283	-0.0827	-1.1025	1.0631
3.89e-02	0.5322	-0.0000	-0.0043	0.2894	1.3660	-0.0665	-0.7700	1.0594
2.25e-02	0.5234	-0.0000	-0.0013	-0.0475	-0.3739	-0.0787	-1.1049	1.0575
1.30e-02	0.5121	-0.0000	-0.0039	0.3263	1.5717	-0.0556	-0.7227	1.0490
7.49e-03	0.5008	-0.0000	-0.0003	-0.0615	-0.4561	-0.0745	-1.1048	1.0433
4.33e-03	0.4865	-0.0000	-0.0040	0.3671	1.8077	-0.0382	-0.6626	1.0297
2.50e-03	0.4724	-0.0000	0.0005	-0.0834	-0.5843	-0.0688	-1.1018	1.0184
1.44e-03	0.4545	-0.0000	-0.0046	0.4084	2.0578	-0.0124	-0.5894	0.9978
8.32e-04	0.4377	-0.0000	0.0014	-0.1156	-0.7716	-0.0609	-1.0941	0.9785
4.81e-04	0.4167	-0.0000	-0.0054	0.4424	2.2774	0.0199	-0.5067	0.9491
2.77e-04	0.3988	-0.0000	0.0027	-0.1596	-1.0305	-0.0562	-1.0811	0.9214
1.60e-04	0.3769	-0.0000	-0.0064	0.4610	2.4140	0.0530	-0.4243	0.8853
9.25e-05	0.3608	-0.0000	0.0040	-0.2118	-1.3457	-0.0636	-1.0657	0.8539
5.34e-05	0.3410	-0.0000	-0.0073	0.4629	2.4437	0.0720	-0.3553	0.8182
3.08e-05	0.3293	-0.0000	0.0053	-0.2623	-1.6618	-0.0873	-1.0540	0.7917
1.78e-05	0.3136	-0.0000	-0.0080	0.4572	2.4174	0.0775	-0.3072	0.7644
1.03e-05	0.3068	-0.0000	0.0061	-0.3015	-1.9116	-0.1141	-1.0488	0.7473
5.93e-06	0.2948	-0.0000	-0.0086	0.4519	2.3868	0.0763	-0.2777	0.7296
3.43e-06	0.2917	-0.0000	0.0068	-0.3275	-2.0769	-0.1325	-1.0488	0.7212
1.98e-06	0.2823	-0.0000	-0.0089	0.4497	2.3734	0.0750	-0.2603	0.7100
1.14e-06	0.2816	-0.0000	0.0072	-0.3442	-2.1805	-0.1432	-1.0513	0.7072
6.59e-07	0.2737	-0.0000	-0.0091	0.4499	2.3740	0.0745	-0.2496	0.6995
3.81e-07	0.2744	-0.0000	0.0074	-0.3551	-2.2479	-0.1498	-1.0548	0.6996
2.20e-07	0.2675	-0.0000	-0.0092	0.4515	2.3827	0.0742	-0.2424	0.6939
1.27e-07	0.2691	-0.0000	0.0074	-0.3626	-2.2937	-0.1536	-1.0582	0.6956
7.32e-08	0.2627	-0.0000	-0.0092	0.4540	2.3967	0.0743	-0.2368	0.6908
4.23e-08	0.2649	-0.0000	0.0075	-0.3681	-2.3261	-0.1557	-1.0614	0.6933
2.44e-08	0.2589	-0.0000	-0.0093	0.4571	2.4146	0.0749	-0.2320	0.6891
1.41e-08	0.2614	-0.0000	0.0076	-0.3723	-2.3508	-0.1571	-1.0643	0.6919
8.14e-09	0.2556	-0.0000	-0.0093	0.4606	2.4337	0.0747	-0.2273	0.6879
4.70e-09	0.2584	-0.0000	0.0076	-0.3757	-2.3698	-0.1576	-1.0668	0.6911
2.71e-09	0.2527	-0.0000	-0.0094	0.4647	2.4583	0.0764	-0.2226	0.6873
1.57e-09	0.2557	-0.0000	0.0077	-0.3784	-2.3839	-0.1570	-1.0690	0.6906
9.04e-10	0.2501	-0.0000	-0.0094	0.4693	2.4845	0.0770	-0.2175	0.6868
5.22e-10	0.2532	-0.0000	0.0077	-0.3808	-2.3983	-0.1579	-1.0710	0.6901
3.01e-10	0.2477	-0.0000	-0.0095	0.4744	2.5129	0.0769	-0.2120	0.6864
1.74e-10	0.2507	-0.0000	0.0077	-0.3830	-2.4104	-0.1583	-1.0727	0.6898
1.00e-10	0.2452	-0.0000	-0.0095	0.4803	2.5464	0.0773	-0.2058	0.6860
5.80e-11	0.2483	-0.0000	0.0077	-0.3849	-2.4215	-0.1588	-1.0743	0.6894
3.35e-11	0.2427	-0.0000	-0.0095	0.4870	2.5843	0.0773	-0.1987	0.6857
1.93e-11	0.2458	-0.0000	0.0077	-0.3867	-2.4319	-0.1592	-1.0758	0.6891
1.12e-11	0.2402	-0.0000	-0.0096	0.4949	2.6288	0.0776	-0.1904	0.6853
6.45e-12	0.2431	-0.0000	0.0078	-0.3884	-2.4414	-0.1594	-1.0771	0.6887
3.72e-12	0.2374	-0.0000	-0.0096	0.5041	2.6818	0.0781	-0.1808	0.6849
2.15e-12	0.2402	-0.0000	0.0078	-0.3902	-2.4521	-0.1603	-1.0784	0.6882
1.24e-12	0.2344	-0.0000	-0.0096	0.5152	2.7449	0.0786	-0.1692	0.6844
7.16e-13	0.2370	-0.0000	0.0078	-0.3921	-2.4630	-0.1608	-1.0796	0.6875
4.13e-13	0.2308	-0.0000	-0.0097	0.5285	2.8213	0.0791	-0.1552	0.6837
2.39e-13	0.2332	-0.0000	0.0079	-0.3941	-2.4745	-0.1612	-1.0808	0.6867
1.38e-13	0.2267	-0.0000	-0.0097	0.5448	2.9147	0.0791	-0.1378	0.6825
7.96e-14	0.2287	-0.0000	0.0079	-0.3967	-2.4899	-0.1625	-1.0820	0.6853
4.59e-14	0.2217	-0.0000	-0.0097	0.5653	3.0349	0.0807	-0.1157	0.6810
2.65e-14	0.2231	-0.0000	0.0079	-0.3999	-2.5082	-0.1634	-1.0831	0.6832
1.53e-14	0.2154	-0.0000	-0.0099	0.5915	3.1893	0.0827	-0.0869	0.6785
8.84e-15	0.2159	-0.0000	0.0080	-0.4043	-2.5324	-0.1637	-1.0841	0.6798
5.10e-15	0.2070	-0.0000	-0.0100	0.6257	3.3936	0.0861	-0.0483	0.6740
2.95e-15	0.2063	-0.0000	0.0081	-0.4107	-2.5670	-0.1632	-1.0846	0.6739
1.70e-15	0.1957	-0.0000	-0.0102	0.6711	3.6715	0.0932	0.0051	0.6661
9.82e-16	0.1930	-0.0000	0.0084	-0.4207	-2.6166	-0.1584	-1.0837	0.6629
5.67e-16	0.1795	-0.0000	-0.0105	0.7316	4.0536	0.1089	0.0813	0.6503
3.27e-16	0.1736	-0.0000	0.0088	-0.4379	-2.6983	-0.1471	-1.0780	0.6401
1.89e-16	0.1557	-0.0000	-0.0111	0.8082	4.5629	0.1431	0.1915	0.6168
1.09e-16	0.1448	-0.0000	0.0096	-0.4682	-2.8319	-0.1187	-1.0583	0.5901
6.30e-17	0.1205	-0.0000	-0.0118	0.8880	5.1382	0.2111	0.3449	0.5431
3.64e-17	0.1042	-0.0000	0.0111	-0.5219	-3.0608	-0.0640	-1.0063	0.4844
2.10e-17	0.0748	-0.0000	-0.0132	0.9269	5.4885	0.3097	0.5270	0.3999
1.21e-17	0.0587	-0.0000	0.0133	-0.6130	-3.4979	-0.0342	-0.9218	0.3089
7.00e-18	0.0327	-0.0000	-0.0149	0.8915	5.2935	0.3443	0.6792	0.2123
4.04e-18	0.0263	-0.0000	0.0153	-0.7131	-4.0622	-0.1042	-0.8526	0.1395
2.33e-18	0.0094	-0.0000	-0.0162	0.8399	4.9135	0.2937	0.7591	0.0808
1.35e-18	0.0119	-0.0000	0.0164	-0.7694	-4.4095	-0.1824	-0.8213	0.0519
7.78e-19	0.0003	-0.0000	-0.0168	0.8149	4.7187	0.2569	0.7894	0.0255
4.49e-19	0.0068	-0.0000	0.0169	-0.7907	-4.5458	-0.2183	-0.8104	0.0197
2.59e-19	-0.0027	-0.0000	-0.0171	0.8061	4.6507	0.2442	0.7997	0.0064
1.50e-19	0.0051	-0.0000	0.0171	-0.7980	-4.5921	-0.2308	-0.8068	0.0088
8.65e-20	-0.0038	-0.0000	-0.0171	0.8031	4.6278	0.2399	0.8032	-0.0001
4.99e-20	0.0046	-0.0000	0.0171	-0.8004	-4.6076	-0.2351	-0.8056	0.0052
2.88e-20	-0.0041	-0.0000	-0.0171	0.8021	4.6199	0.2384	0.8044	-0.0022
1.66e-20	0.0044	-0.0000	0.0171	-0.8012	-4.6128	-0.2365	-0.8052	0.0040
