0.04884369
0.24193426


0.042315977
0.22821882


0.04244918
0.25424111


0.043208352
0.29183882


0.044011746
0.33950114


0.044786586
0.39790713


0.04553431
0.46605112


0.04630004
0.53881128


0.047162896
0.6069314


0.048213078
0.66187109


0.049515678
0.70108171


0.051100903
0.72731226


0.052976241
0.74470673


0.055143978
0.7565595


0.057614792
0.76498614


0.060409283
0.77124113


0.063560953
0.776061


0.067115833
0.77988998


0.071136382
0.78300642


0.075702644
0.78559032


0.080918315
0.78776467


0.08691788
0.7896159


0.09387739
0.79120682


0.10203021
0.79258408


0.11169079
0.79378324


0.12329048
0.79483188


0.13743378
0.79575161


0.15498696
0.79655964


0.17722071
0.79726948


0.20603928
0.7978914


0.24433282
0.79843235


0.29643125
0.79889667


0.36824542
0.79928424


0.46507306
0.79958976


0.58169036
0.79980827


0.68851249
0.79994138


0.75440361
0.80000701


0.78356583
0.80003394


0.7943966
0.80004343


0.79814646
0.80004694


0.79941243
0.80004807


0.79983629
0.80004842


