#           1            2            3            4            5            6            7            8            9 
#           T        SZ2f0         SaSa         SaSd         SaSf          n_a          n_d          n_f          s^2 
      1.03535        0.125     0.384053  2.16244e-12 -1.12224e-05            1            1            1     0.768106 
     0.654814        0.125     0.389309  1.90061e-11 -2.54117e-05            1            1            1     0.778618 
     0.414141        0.125     0.397605  1.62938e-10 -5.63481e-05            1            1            1      0.79521 
     0.261926        0.125      0.41068  1.18977e-09 -0.000110631            1            1            1      0.82136 
     0.165656        0.125     0.431179  8.57929e-09 -0.000189163            1            1            1     0.862358 
      0.10477        0.125     0.462753 -1.31468e-08 -0.000289281            1            1            1     0.925506 
    0.0662625        0.125      0.50994  1.88967e-07 -0.000406125            1            1            1      1.01988 
    0.0419081        0.125     0.574903  8.16736e-07 -0.000528029            1            1            1      1.14981 
     0.026505        0.125     0.650027  4.13159e-06 -0.000628053            1            1            1      1.30006 
    0.0167632        0.125     0.712076  8.15445e-06 -0.000676976            1            1            1      1.42417 
     0.010602        0.125     0.741292  3.05944e-05 -0.000678595            1            1            1      1.48264 
    0.0067053        0.125     0.747607   3.5322e-05 -0.000666935            1            1            1      1.49528 
    0.0042408        0.125     0.748118  5.94332e-05 -0.000661348            1            1            1      1.49635 
   0.00268212        0.125     0.748153  0.000100524 -0.000659295            1            1            1      1.49651 
   0.00169632        0.125     0.748165  0.000162341 -0.000658586            1            1            1      1.49665 
   0.00107285        0.125     0.748169  0.000261335 -0.000658345            1            1            1      1.49686 
  0.000678528        0.125     0.748171  0.000416505 -0.000658301            1            1            1      1.49717 
  0.000429139        0.125     0.748172     0.000663 -0.000658341            1            1            1      1.49767 
  0.000271411        0.125     0.748172   0.00105113 -0.000658446            1            1            1      1.49845 
  0.000171656        0.125     0.748172   0.00166526 -0.000658618            1            1            1      1.49967 
  0.000108565        0.125     0.748172   0.00263292 -0.000658891            1            1            1      1.50161 
  6.86622e-05        0.125     0.748172   0.00415901 -0.000659318            1            1            1      1.50466 
  4.34258e-05        0.125     0.748172   0.00655766 -0.000659987            1            1            1      1.50946 
  2.74649e-05        0.125     0.748172    0.0103188 -0.000661034            1            1            1      1.51698 
  1.73703e-05        0.125     0.748172    0.0161825 -0.000662666            1            1            1      1.52871 
   1.0986e-05        0.125     0.748172    0.0252487 -0.000665188            1            1            1      1.54684 
  6.94813e-06        0.125     0.748172    0.0390642  -0.00066903            1            1            1      1.57447 
  4.39438e-06        0.125     0.748171    0.0596128 -0.000674744            1            1            1      1.61557 
  2.77925e-06        0.125     0.748171    0.0888981 -0.000682888            1            1            1      1.67414 
  1.75775e-06        0.125      0.74817     0.127595 -0.000693649            1            1            1      1.75153 
   1.1117e-06        0.125      0.74817     0.172263  -0.00070607            1            1            1      1.84087 
  7.03101e-07        0.125     0.748169     0.213085 -0.000717421            1            1            1      1.92251 
   4.4468e-07        0.125     0.748169     0.238533 -0.000724498            1            1            1       1.9734 
   2.8124e-07        0.125     0.748169     0.247403 -0.000726964            1            1            1      1.99114 
  1.77872e-07        0.125     0.748169     0.248724 -0.000727332            1            1            1      1.99379 
  1.12496e-07        0.125     0.748169      0.24878 -0.000727347            1            1            1       1.9939 
  7.11488e-08        0.125     0.748169      0.24878 -0.000727347            1            1            1       1.9939 
  4.49985e-08        0.125     0.748169      0.24878 -0.000727347            1            1            1       1.9939 
  2.84595e-08        0.125     0.748169      0.24878 -0.000727347            1            1            1       1.9939 
  1.79994e-08        0.125     0.748169      0.24878 -0.000727347            1            1            1       1.9939 
  1.13838e-08        0.125     0.748169      0.24878 -0.000727347            1            1            1       1.9939 
  7.19976e-09        0.125     0.748169      0.24878 -0.000727347            1            1            1       1.9939 
  4.55353e-09        0.125     0.748169      0.24878 -0.000727347            1            1            1       1.9939 
   2.8799e-09        0.125     0.748169      0.24878 -0.000727347            1            1            1       1.9939 
  1.82141e-09        0.125     0.748169      0.24878 -0.000727347            1            1            1       1.9939 
  1.15196e-09        0.125     0.748169      0.24878 -0.000727347            1            1            1       1.9939 
  7.28564e-10        0.125     0.748169      0.24878 -0.000727347            1            1            1       1.9939 
  4.60784e-10        0.125     0.748169      0.24878 -0.000727347            1            1            1       1.9939 
  2.91426e-10        0.125     0.748169      0.24878 -0.000727347            1            1            1       1.9939 
  1.84314e-10        0.125     0.748169      0.24878 -0.000727347            1            1            1       1.9939 
   1.1657e-10        0.125     0.748169      0.24878 -0.000727347            1            1            1       1.9939 
