# Input file for NRG Ljubljana, Rok Zitko, rok.zitko@ijs.si, 2005-2015
# symtype 	QS
# Using sneg version 	1.251
#!8
# Number of channels, impurities, chain sites, subspaces: 
1	2	50	10
# SCALE 	1.0353518430881692
# Energies (GS energy subtracted, multiplied by 1/SCALE):
-3	1
1
0.10880381441379205
-2	2
3
0.056011269322896594	0.0605110525533758	0.11330359764427127
-1	1
6
0.0070990957735613	0.05341195677981454	0.05601126932289663	0.10880381441379199	0.11330359764427128	0.1210221051067516
-1	3
3
0.00771850746248035	0.06051105255337577	0.06501083578385503
0	2
8
0.	0.007718507462480357	0.056011269322896594	0.06051105255337583	0.06501083578385504	0.0676101483269371	0.11330359764427118	0.11392300933319027
0	4
1
0.012218290692959564
1	1
6
0.007099095773561273	0.05341195677981452	0.05601126932289661	0.108803814413792	0.1133035976442712	0.1210221051067516
1	3
3
0.007718507462480357	0.0605110525533758	0.06501083578385501
2	2
3
0.056011269322896615	0.06051105255337583	0.11330359764427134
3	1
1
0.10880381441379205
# Irreducible matrix elements for Wilson chains:
f 0 0
12
3	1	2	2
0.39633512050781666	-5.20534697474723e-16	1.357541333533552
2	2	1	3
2.498001805406602e-16	1.1756652815274595	-8.881784197001252e-16
0.34323628277173607	-9.992007221626409e-16	-1.1756652815274595
8.326672684688674e-17	-0.343236282771736	-2.7755575615628914e-16
2	2	1	1
-0.23209257651346205	0.6735759984582361	3.846969008585624e-15	-0.16180313539810537	-9.059957258232676e-16	-0.07428685981155733
1.2192475601315773e-16	-3.953911795366767e-15	0.6787706667667761	-1.1431827953452494e-15	0.19816756025390792	1.281516895850271e-15
-0.0023750875631859125	0.1532897924189674	1.1023153223381178e-15	-0.5542139286491046	-8.485402518755084e-15	0.7937714644994209
1	3	0	4
-1.1084278572982111
0.
-0.3236062707962107
1	3	0	2
0.7937714644994208	2.5673907444456745e-16	-4.3021142204224816e-16	0.19816756025390864	1.1102230246251565e-16	0.15328979241896679	1.1449174941446927e-16	-0.0023750875631862005
1.3877787807814457e-16	-0.1981675602539082	0.6787706667667761	4.163336342344337e-15	0.6787706667667759	-4.107825191113079e-15	0.19816756025390808	7.0637939941775585e-15
-0.07428685981155725	-2.0816681711721685e-16	7.771561172376096e-16	-0.6787706667667748	6.938893903907228e-15	0.6735759984582372	8.56259507742152e-15	-0.23209257651346193
1	1	0	2
3.8163916471489756e-16	-1.3462018498062052	0.23209257651346232	-1.3877787807814457e-17	-0.1616253824050607	9.71445146547012e-16	-0.002375087563187047	1.249000902703301e-16
1.5265566588595902e-15	-0.26443052417497326	-0.6735759984582361	-9.992007221626409e-16	-0.7060236110839143	5.551115123125783e-16	0.15328979241896717	4.649058915617843e-15
-0.30531793619996633	-1.8318679906315083e-15	-2.4980018054066022e-15	-0.6787706667667749	3.552713678800501e-15	0.7060236110839156	-4.704570066849101e-15	0.16162538240506097
-1.9649674344859e-17	-2.1292040789141544e-16	-0.3236062707962104	4.314476823370355e-16	3.019193115562095e-16	1.840312986476073e-15	1.1084278572982118	5.0385904404235015e-14
-0.002435498294459701	-5.620504062164855e-16	-2.9004576518332215e-15	-0.1981675602539083	-2.2065682614424986e-15	-0.264430524174973	5.330805241676728e-14	-1.3462018498062054
-7.632783294297951e-17	-0.0024354982944594927	0.07428685981155778	-8.326672684688674e-17	0.3053179361999665	-3.191891195797325e-15	0.7937714644994197	2.1614654510671016e-14
0	4	-1	3
0.9599266826826032	-1.226316566282443e-16	0.28025125133346446
0	2	-1	3
0.9721675302026561	-2.778476317590116e-16	-0.0909824505659908
2.681015632500264e-16	0.24270470309715797	-1.0041590791280838e-16
2.824939374488505e-16	0.8313208929736581	-1.9588667699611127e-15
-0.2427047030971574	-1.9984014443252818e-15	0.8313208929736597
2.227313352803227e-15	-0.8313208929736582	1.4841445884014628e-15
0.1877408871018118	5.556173990998912e-15	0.8249587496041918
5.615885313470794e-17	0.24270470309715775	1.0769900890093093e-14
-0.002908876312118211	8.50331771951495e-15	-0.28425419277292274
0	2	-1	1
-2.476317761956892e-16	7.494005416219807e-16	0.2158923831048778	1.0755285551056204e-16	0.001722157359580704	-4.163336342344337e-17
0.9519084568438416	-0.18698061679683645	9.439028216884088e-16	3.476704666629834e-16	-1.8286016090539405e-16	0.0017221573595810364
0.16411423471572664	0.47629015615431797	-7.771561172376096e-16	-0.228824188514491	7.771561172376096e-16	0.05252874232580687
6.889597679576624e-16	-2.9087013959244245e-15	-0.47996334134130253	-9.663318025031011e-16	-0.1401256256667317	-8.033397253269466e-16
0.11428640391048732	-0.49923408307524936	1.1008609795382297e-15	3.8604810858361945e-16	1.407503419076052e-15	-0.21589238310487793
-5.663872149064275e-16	1.582067810090848e-15	-0.49923408307524864	-3.0531133177191805e-16	0.1869806167968372	1.1657341758564144e-15
-0.0016794405218406479	-0.10839225170612996	3.969047313034935e-15	0.78377685435164	-3.4638958368304884e-14	0.5612811852599169
-3.8163916471489756e-17	-4.440892098500626e-15	-0.114286403910487	2.914335439641036e-14	0.9519084568438417	1.942890293094024e-14
-1	3	-2	2
-5.551115123125783e-17	-0.2802512513334645	1.3877787807814457e-17
0.9599266826826033	-3.885780586188048e-16	-0.2802512513334645
5.551115123125783e-17	0.9599266826826033	-5.551115123125783e-17
-1	1	-2	2
-0.32822846943145345	1.6653345369377348e-16	-0.0033588810436822186
-0.9525803123086365	3.83026943495679e-15	-0.21678450341226094
3.941291737419306e-15	0.9599266826826034	8.604228440844963e-16
-0.22882418851449	6.25587307663262e-16	-0.7837768543516395
1.942890293094024e-16	0.28025125133346396	1.700029006457271e-15
-0.10505748465161349	-1.942890293094024e-16	1.1225623705198347
-2	2	-3	1
0.28025125133346457
0.
0.9599266826826033
# GS energy in absolute units:
e
-0.01265022978834271
# Irreducible matrix elements for other operators:
sn_f
10
-3	1	-3	1
0.
-2	2	-2	2
0.07854076387397273	0.	0.26902065401018116
0.	0.	0.
0.26902065401018116	0.	0.9214592361260273
-1	1	-1	1
0.10774521022718021	0.31339213127867516	-1.1934897514720433e-15	0.077739226383564	-3.469446951953614e-17	0.030712303922827533
0.31339213127867516	0.9544047723177198	-3.885780586188048e-16	0.3878840931155472	4.718447854656915e-16	-0.1432784345026389
-1.1934897514720433e-15	-3.885780586188048e-16	0.9214592361260276	-9.90618877951825e-16	0.26902065401018066	3.608224830031759e-16
0.077739226383564	0.3878840931155472	-9.90618877951825e-16	0.6666666666666659	-1.2076485478570403e-15	-0.8557987099067765
-3.469446951953614e-17	4.718447854656915e-16	0.26902065401018066	-1.2076485478570403e-15	0.07854076387397241	1.8318679906315083e-15
0.030712303922827533	-0.1432784345026389	3.608224830031759e-16	-0.8557987099067765	1.8318679906315083e-15	1.2711833507884345
-1	3	-1	3
0.07854076387397269	2.7755575615628914e-17	-0.26902065401018105
2.7755575615628914e-17	1.	-1.6653345369377348e-16
-0.26902065401018105	-1.6653345369377348e-16	0.9214592361260273
0	2	0	2
1.	-1.3148875016651012e-17	4.692855188346589e-16	-0.4154469917706454	1.976919680334685e-15	8.326672684688674e-16	-2.1878019239760738e-16	2.498001805406602e-16
-1.3148875016651012e-17	1.0000000000000004	0.2690206540101812	2.500569642249773e-16	-1.6653345369377301e-16	1.911802179111574e-16	0.07854076387397299	2.8209653179804875e-15
4.692855188346589e-16	0.2690206540101812	1.	-4.216574093701108e-15	-0.9214592361260272	4.377580508679527e-15	-1.1102230246251644e-16	5.761444436002754e-16
-0.4154469917706454	2.500569642249773e-16	-4.216574093701108e-15	1.000000000000003	3.361112138459863e-15	0.8536531308321981	1.0555932739629803e-14	-0.31413393520775146
1.976919680334685e-15	-1.6653345369377301e-16	-0.9214592361260272	3.361112138459863e-15	0.9999999999999999	-4.33937714807999e-15	-0.269020654010181	-8.151066000732917e-15
8.326672684688674e-16	1.911802179111574e-16	4.377580508679527e-15	0.8536531308321981	-4.33937714807999e-15	0.9999999999999969	2.124619738376545e-15	4.926614671774132e-16
-2.1878019239760738e-16	0.07854076387397299	-1.1102230246251644e-16	1.0555932739629803e-14	-0.269020654010181	2.124619738376545e-15	1.	-8.683524665530659e-17
2.498001805406602e-16	2.8209653179804875e-15	5.761444436002754e-16	-0.31413393520775146	-8.151066000732917e-15	4.926614671774132e-16	-8.683524665530659e-17	1.0000000000000002
0	4	0	4
1.
1	1	1	1
1.8922547897728201	0.31339213127867493	1.8596235662471372e-15	-0.07773922638356401	-1.8735013540549517e-16	-0.03071230392282842
0.31339213127867493	1.0455952276822809	5.551115123125783e-17	0.3878840931155469	5.564992910933597e-15	-0.1432784345026388
1.8596235662471372e-15	5.551115123125783e-17	1.0785407638739728	4.4045990373652606e-15	-0.26902065401018177	-1.7208456881689926e-15
-0.07773922638356401	0.3878840931155469	4.4045990373652606e-15	1.3333333333333355	-8.530913414391663e-15	0.8557987099067766
-1.8735013540549517e-16	5.564992910933597e-15	-0.26902065401018177	-8.530913414391663e-15	1.9214592361260279	1.3121448372288569e-14
-0.03071230392282842	-0.1432784345026388	-1.7208456881689926e-15	0.8557987099067766	1.3121448372288569e-14	0.728816649211565
1	3	1	3
1.9214592361260274	5.551115123125783e-17	0.2690206540101815
5.551115123125783e-17	1.	-1.6653345369377348e-16
0.2690206540101815	-1.6653345369377348e-16	1.0785407638739728
2	2	2	2
1.9214592361260276	-4.362199984136191e-16	-0.26902065401018116
-4.362199984136191e-16	2.000000000000001	6.458770384824812e-16
-0.26902065401018116	6.458770384824812e-16	1.0785407638739726
3	1	3	1
2.
sSZ2f0
10
-3	1	-3	1
0.
-2	2	-2	2
0.019635190968493182	0.	0.06725516350254529
0.	0.	0.
0.06725516350254529	0.	0.23036480903150683
-1	1	-1	1
0.024670032312276914	0.06704035432268389	-2.498001805406602e-16	-4.362781392841733e-17	3.122502256758253e-17	0.032626499598783804
0.06704035432268389	0.1821809169449033	1.3877787807814457e-16	-1.1855777353926227e-16	3.191891195797325e-16	0.08866190630495752
-2.498001805406602e-16	1.3877787807814457e-16	0.2303648090315069	1.5012948724338459e-16	0.06725516350254516	-4.2327252813834093e-16
-4.362781392841733e-17	-1.1855777353926227e-16	1.5012948724338459e-16	1.7499364592754208e-31	4.3830406447740444e-17	-5.769845923237665e-17
3.122502256758253e-17	3.191891195797325e-16	0.06725516350254516	4.3830406447740444e-17	0.019635190968493102	1.3877787807814457e-17
0.032626499598783804	0.08866190630495752	-4.2327252813834093e-16	-5.769845923237665e-17	1.3877787807814457e-17	0.04314905074281977
-1	3	-1	3
0.01963519096849317	6.938893903907228e-18	-0.06725516350254526
6.938893903907228e-18	0.25	-4.163336342344337e-17
-0.06725516350254526	-4.163336342344337e-17	0.23036480903150683
0	2	0	2
0.2068509492571803	-3.287218754162753e-18	-6.308986179292322e-17	1.6931372494875207e-16	5.289243896032074e-16	0.08866190630495747	1.2047141954597602e-15	-0.032626499598783734
-3.287218754162753e-18	0.23036480903150688	7.47063590309057e-19	2.63742164269554e-16	0.06725516350254528	-3.7547747366055156e-16	6.33762906661102e-17	4.413045200491797e-18
-6.308986179292322e-17	7.47063590309057e-19	0.019635190968493185	5.607950119987942e-17	6.313516370245155e-19	1.1927678160354052e-17	-0.06725516350254529	-2.3817212701221624e-15
1.6931372494875207e-16	2.63742164269554e-16	5.607950119987942e-17	6.826257730582976e-31	7.699970518517067e-17	1.219929610466958e-16	-1.9208552788669868e-16	1.0759358239728586e-16
5.289243896032074e-16	0.06725516350254528	6.313516370245155e-19	7.699970518517067e-17	0.019635190968493175	2.8905670595363384e-16	1.7087286609265778e-17	3.8390747228039357e-16
0.08866190630495747	-3.7547747366055156e-16	1.1927678160354052e-17	1.219929610466958e-16	2.8905670595363384e-16	0.0678190830550966	-2.4733861257976934e-15	0.06704035432268393
1.2047141954597602e-15	6.33762906661102e-17	-0.06725516350254529	-1.9208552788669868e-16	1.7087286609265778e-17	-2.4733861257976934e-15	0.23036480903150683	2.2809136887683357e-16
-0.032626499598783734	4.413045200491797e-18	-2.3817212701221624e-15	1.0759358239728586e-16	3.8390747228039357e-16	0.06704035432268393	2.2809136887683357e-16	0.22532996768772312
0	4	0	4
0.25
1	1	1	1
0.024670032312276928	-0.06704035432268393	-3.7470027081099033e-16	3.9541731417456996e-17	-1.6479873021779667e-16	0.032626499598783804
-0.06704035432268393	0.18218091694490338	-2.0816681711721685e-16	-1.0745392025447234e-16	9.367506770274758e-17	-0.08866190630495752
-3.7470027081099033e-16	-2.0816681711721685e-16	0.23036480903150686	-4.601013690378114e-16	0.06725516350254518	-1.3877787807814457e-17
3.9541731417456996e-17	-1.0745392025447234e-16	-4.601013690378114e-16	9.82326408005394e-31	-1.3432690927263408e-16	5.2294551863429766e-17
-1.6479873021779667e-16	9.367506770274758e-17	0.06725516350254518	-1.3432690927263408e-16	0.01963519096849311	-7.806255641895632e-17
0.032626499598783804	-0.08866190630495752	-1.3877787807814457e-17	5.2294551863429766e-17	-7.806255641895632e-17	0.04314905074281974
1	3	1	3
0.019635190968493192	1.3877787807814457e-17	-0.06725516350254529
1.3877787807814457e-17	0.25	-4.163336342344337e-17
-0.06725516350254529	-4.163336342344337e-17	0.2303648090315068
2	2	2	2
0.01963519096849319	-2.5788272756518022e-17	0.06725516350254529
-2.5788272756518022e-17	3.386954640938767e-32	-8.833092092003992e-17
0.06725516350254529	-8.833092092003992e-17	0.23036480903150677
3	1	3	1
0.
sn_d
10
-3	1	-3	1
0.
-2	2	-2	2
0.46072961806301366	0.47996334134130153	-0.13451032700509055
0.47996334134130153	0.4999999999999998	-0.14012562566673223
-0.13451032700509055	-0.14012562566673223	0.03927038193698634
-1	1	-1	1
0.9461273948864097	-0.15669606563933802	-0.16411423471572598	-0.03886961319178167	0.0016794405218409861	-0.015356151961413711
-0.15669606563933802	0.5227976138411364	-0.4762901561543181	-0.193942046557773	0.10839225170612993	0.07163921725131905
-0.16411423471572598	-0.4762901561543181	0.5392703819369902	0.22882418851449138	-0.13451032700509127	-0.052528742325807426
-0.03886961319178167	-0.193942046557773	0.22882418851449138	0.6666666666666653	-0.7837768543516397	0.4278993549533878
0.0016794405218409861	0.10839225170612993	-0.13451032700509127	-0.7837768543516397	0.9607296180630152	-0.5612811852599178
-0.015356151961413711	0.07163921725131905	-0.052528742325807426	0.4278993549533878	-0.5612811852599178	0.36440832460578343
-1	3	-1	3
0.9607296180630134	-0.14012562566673234	0.13451032700509044
-0.14012562566673234	0.4999999999999999	0.47996334134130153
0.13451032700509044	0.47996334134130153	0.5392703819369863
0	2	0	2
1.0000000000000002	4.85722573273506e-17	-0.21589238310487818	0.20772349588532235	-8.049116928532385e-16	-5.967448757360216e-16	-0.001722157359580815	7.632783294297951e-17
4.85722573273506e-17	1.0000000000000002	-0.13451032700509086	0.14012562566673226	-5.967448757360216e-16	-2.7755575615628914e-16	-0.039270381936986044	-1.1761425167122752e-15
-0.21589238310487818	-0.13451032700509086	0.9999999999999997	3.1363800445660672e-15	0.4607296180630176	0.4992340830752473	-4.163336342344337e-15	0.11428640391048728
0.20772349588532235	0.14012562566673226	3.1363800445660672e-15	0.9999999999999948	-0.4799633413413036	-0.426826565416095	-5.662137425588298e-15	0.15706696760387584
-8.049116928532385e-16	-5.967448757360216e-16	0.4607296180630176	-0.4799633413413036	1.000000000000004	2.6367796834847468e-15	0.13451032700508936	4.1772141301521515e-15
-5.967448757360216e-16	-2.7755575615628914e-16	0.4992340830752473	-0.426826565416095	2.6367796834847468e-15	1.0000000000000024	-0.18698061679683736	-6.522560269672795e-15
-0.001722157359580815	-0.039270381936986044	-4.163336342344337e-15	-5.662137425588298e-15	0.13451032700508936	-0.18698061679683736	1.0000000000000677	-0.9519084568438416
7.632783294297951e-17	-1.1761425167122752e-15	0.11428640391048728	0.15706696760387584	4.1772141301521515e-15	-6.522560269672795e-15	-0.9519084568438416	0.999999999999932
0	4	0	4
1.
1	1	1	1
1.05387260511359	-0.15669606563933797	0.16411423471572595	0.038869613191781394	-0.0016794405218406472	0.015356151961414238
-0.15669606563933797	1.4772023861588646	-0.47629015615431775	-0.19394204655777364	0.1083922517061276	0.07163921725131922
0.16411423471572595	-0.47629015615431775	1.4607296180630094	-0.2288241885144924	0.13451032700508825	0.052528742325808744
0.038869613191781394	-0.19394204655777364	-0.2288241885144924	1.3333333333333197	0.7837768543516456	-0.4278993549533881
-0.0016794405218406472	0.1083922517061276	0.13451032700508825	0.7837768543516456	1.039270381936994	0.5612811852599103
0.015356151961414238	0.07163921725131922	0.052528742325808744	-0.4278993549533881	0.5612811852599103	1.6355916753942235
1	3	1	3
1.0392703819369864	-0.14012562566673223	-0.13451032700509047
-0.14012562566673223	1.4999999999999998	0.47996334134130136
-0.13451032700509047	0.47996334134130136	1.4607296180630138
2	2	2	2
1.539270381936986	-0.4799633413413022	0.13451032700509058
-0.4799633413413022	1.5000000000000016	0.14012562566673237
0.13451032700509058	0.14012562566673237	1.9607296180630134
3	1	3	1
2.
ss^2
10
-3	1	-3	1
0.
-2	2	-2	2
0.6910944270945203	-5.551115123125783e-17	-0.20176549050763576
-5.551115123125783e-17	0.7499999999999999	1.3877787807814457e-17
-0.20176549050763576	2.7755575615628914e-17	0.0589055729054795
-1	1	-1	1
0.07401009693683074	0.20112106296805168	-7.355227538141662e-16	-1.3088344178525198e-16	9.71445146547012e-17	0.09787949879635141
0.20112106296805168	0.54654275083471	3.885780586188048e-16	-3.556733206177867e-16	9.575673587391975e-16	0.26598571891487255
-7.216449660063518e-16	4.996003610813204e-16	0.6910944270945207	4.503884617301537e-16	0.20176549050763548	-1.2490009027033011e-15
-1.30883441785252e-16	-3.5567332061778677e-16	4.503884617301538e-16	5.249809377826262e-31	1.3149121934322135e-16	-1.7309537769712997e-16
9.71445146547012e-17	9.575673587391975e-16	0.20176549050763545	1.3149121934322133e-16	0.0589055729054793	4.163336342344337e-17
0.09787949879635141	0.2659857189148726	-1.304512053934559e-15	-1.7309537769712997e-16	4.163336342344337e-17	0.12944715222845932
-1	3	-1	3
1.9018240451575337	-2.076792230624163e-16	0.33627581751272617
-2.2155701087023076e-16	0.75	-1.7975765290883807e-16
0.3362758175127262	-1.7975765290883807e-16	0.8481759548424659
0	2	0	2
1.777327873954192	4.753142324176451e-16	-3.191891195797325e-16	9.853229343548264e-16	3.094746681142624e-15	0.4809033706688295	1.904726376622534e-15	-0.05181104291210919
4.753142324176451e-16	0.05890557290547954	6.938893903907228e-17	-7.563394355258879e-16	-0.20176549050763584	1.2975731600306517e-15	4.5102810375396984e-17	1.0408340855860843e-17
-3.3306690738754696e-16	6.938893903907228e-17	0.6910944270945204	-5.551115123125783e-17	1.1102230246251565e-16	-2.498001805406602e-16	0.20176549050763573	7.278899705198683e-15
9.71445146547012e-16	-7.563394355258879e-16	-8.326672684688674e-17	0.7500000000000001	-3.3306690738754696e-16	2.7755575615628914e-16	5.065392549852277e-16	-6.175615574477433e-16
3.094746681142624e-15	-0.20176549050763584	8.326672684688674e-17	-3.608224830031759e-16	0.6910944270945205	1.0269562977782698e-15	-5.551115123125783e-17	-1.5890067039947553e-15
0.4809033706688295	1.304512053934559e-15	-2.498001805406602e-16	3.0531133177191805e-16	9.992007221626409e-16	0.8850644076418687	1.0144662887512368e-14	-0.2689671339499606
1.904726376622534e-15	5.0306980803327406e-17	0.20176549050763573	5.134781488891349e-16	-6.245004513516506e-17	1.0151601781416275e-14	0.058905572905479466	-1.2038980923279041e-15
-0.05181104291210921	1.734723475976807e-17	7.265021917390868e-15	-6.175615574477433e-16	-1.582067810090848e-15	-0.2689671339499606	-1.2038980923279041e-15	0.0876077184039394
0	4	0	4
2.
1	1	1	1
0.07401009693683078	-0.2011210629680518	-1.124100812432971e-15	1.1862519425237105e-16	-4.996003610813204e-16	0.09787949879635141
-0.20112106296805177	0.5465427508347102	-6.661338147750939e-16	-3.2236176076341694e-16	2.7755575615628914e-16	-0.26598571891487255
-1.124100812432971e-15	-6.106226635438361e-16	0.6910944270945207	-1.3803041071134343e-15	0.2017654905076355	-2.7755575615628914e-17
1.1862519425237102e-16	-3.2236176076341694e-16	-1.3803041071134341e-15	2.946979224016182e-30	-4.0298072781790223e-16	1.5688365559028926e-16
-5.065392549852277e-16	2.914335439641036e-16	0.20176549050763548	-4.0298072781790223e-16	0.05890557290547933	-2.42861286636753e-16
0.09787949879635141	-0.26598571891487255	-5.551115123125783e-17	1.568836555902893e-16	-2.3592239273284576e-16	0.1294471522284592
1	3	1	3
1.9018240451575343	2.7755575615628914e-17	0.3362758175127268
2.7755575615628914e-17	0.7499999999999999	-5.551115123125783e-17
0.3362758175127268	-5.551115123125783e-17	0.8481759548424661
2	2	2	2
0.6910944270945205	-2.220446049250313e-16	-0.2017654905076359
-1.6653345369377348e-16	0.7500000000000002	3.7470027081099033e-16
-0.20176549050763587	3.7470027081099033e-16	0.058905572905479556
3	1	3	1
0.
sn_a
10
-3	1	-3	1
0.
-2	2	-2	2
0.4607296180630135	-0.4799633413413017	-0.13451032700509047
-0.4799633413413017	0.5000000000000002	0.14012562566673226
-0.13451032700509047	0.14012562566673226	0.03927038193698632
-1	1	-1	1
0.9461273948864097	-0.1566960656393367	0.16411423471572753	-0.03886961319178154	-0.0016794405218412758	-0.01535615196141369
-0.1566960656393367	0.5227976138411436	0.47629015615431797	-0.19394204655777475	-0.10839225170613015	0.07163921725131946
0.16411423471572753	0.47629015615431797	0.5392703819369826	-0.22882418851449007	-0.13451032700508989	0.05252874232580676
-0.03886961319178154	-0.19394204655777475	-0.22882418851449007	0.6666666666666689	0.7837768543516406	0.4278993549533883
-0.0016794405218412758	-0.10839225170613015	-0.13451032700508989	0.7837768543516406	0.9607296180630124	0.561281185259916
-0.01535615196141369	0.07163921725131946	0.05252874232580676	0.4278993549533883	0.561281185259916	0.364408324605782
-1	3	-1	3
0.9607296180630134	0.14012562566673215	0.13451032700509047
0.14012562566673215	0.5000000000000002	-0.4799633413413018
0.13451032700509047	-0.4799633413413018	0.5392703819369863
0	2	0	2
1.0000000000000002	1.0408340855860843e-16	0.2158923831048775	0.20772349588532338	-7.494005416219807e-16	-1.942890293094024e-16	0.0017221573595807976	2.0816681711721685e-16
1.0408340855860843e-16	1.0000000000000002	-0.13451032700509008	-0.14012562566673237	6.938893903907228e-16	1.3877787807814457e-17	-0.039270381936985996	-1.3877787807814457e-15
0.2158923831048775	-0.13451032700509008	1.0000000000000007	1.4988010832439613e-15	0.46072961806300994	-0.49923408307525174	3.7192471324942744e-15	-0.11428640391048756
0.20772349588532338	-0.14012562566673237	1.4988010832439613e-15	1.0000000000000027	0.4799633413412997	-0.4268265654161031	-5.162537064506978e-15	0.15706696760387495
-7.494005416219807e-16	6.938893903907228e-16	0.46072961806300994	0.4799633413412997	0.9999999999999959	8.326672684688674e-16	0.1345103270050916	3.913536161803677e-15
-1.942890293094024e-16	1.3877787807814457e-17	-0.49923408307525174	-0.4268265654161031	8.326672684688674e-16	1.0000000000000009	0.18698061679683609	6.2727600891321345e-15
0.0017221573595807976	-0.039270381936985996	3.7192471324942744e-15	-5.162537064506978e-15	0.1345103270050916	0.18698061679683609	0.9999999999999322	0.9519084568438417
2.0816681711721685e-16	-1.3877787807814457e-15	-0.11428640391048756	0.15706696760387495	3.913536161803677e-15	6.2727600891321345e-15	0.9519084568438417	1.0000000000000682
0	4	0	4
1.
1	1	1	1
1.05387260511359	-0.15669606563933652	-0.1641142347157276	0.03886961319178153	0.0016794405218414257	0.015356151961414377
-0.15669606563933652	1.4772023861588552	0.4762901561543186	-0.1939420465577739	-0.10839225170613272	0.07163921725131889
-0.1641142347157276	0.4762901561543186	1.4607296180630187	0.22882418851448885	0.13451032700509138	-0.05252874232580511
0.03886961319178153	-0.1939420465577739	0.22882418851448885	1.333333333333345	-0.7837768543516357	-0.4278993549533868
0.0016794405218414257	-0.10839225170613272	0.13451032700509138	-0.7837768543516357	1.0392703819369786	-0.5612811852599228
0.015356151961414377	0.07163921725131889	-0.05252874232580511	-0.4278993549533868	-0.5612811852599228	1.6355916753942124
1	3	1	3
1.0392703819369864	0.1401256256667324	-0.13451032700509044
0.1401256256667324	1.5000000000000002	-0.47996334134130186
-0.13451032700509044	-0.47996334134130186	1.4607296180630134
2	2	2	2
1.5392703819369875	0.47996334134130125	0.13451032700509052
0.47996334134130125	1.4999999999999996	-0.14012562566673226
0.13451032700509052	-0.14012562566673226	1.9607296180630132
3	1	3	1
2.
sSaSa
10
-3	1	-3	1
0.
-2	2	-2	2
0.3455472135472601	-0.3599725060059762	-0.10088274525381785
-0.3599725060059762	0.3750000000000001	0.10509421925004918
-0.10088274525381787	0.10509421925004919	0.029452786452739743
-1	1	-1	1
0.7078958434814188	-0.1260028081022412	0.11307957987825383	4.2038182273069533e-16	0.03301366066060395	0.0071942037424973584
-0.12600280810224118	0.34978300327996265	0.3072916567655136	-1.1675189684401352e-16	0.0897140092951703	0.14709054913645253
0.11307957987825383	0.3072916567655137	0.3455472135472579	2.521821106971759e-17	0.1008827452538175	0.14954949474032292
4.203818227306953e-16	-1.1675189684401352e-16	2.521821106971759e-17	2.550120318655494e-31	7.362473964083295e-18	-1.4730153009270732e-17
0.03301366066060395	0.08971400929517029	0.10088274525381748	7.362473964083293e-18	0.029452786452739715	0.043661077239917585
0.0071942037424973584	0.1470905491364525	0.1495494947403229	-1.4730153009270732e-17	0.04366107723991759	0.06732115323862065
-1	3	-1	3
0.72054721354726	0.10509421925004912	0.10088274525381785
0.10509421925004911	0.3750000000000001	-0.3599725060059763
0.10088274525381785	-0.3599725060059763	0.40445278645273974
0	2	0	2
0.6826788467613794	0.04366107723991762	-1.5265566588595902e-16	-2.636779683484747e-16	-0.1495494947403225	0.147090549136453	2.6020852139652106e-16	-0.0071942037424970635
0.04366107723991762	0.7205472135472606	3.469446951953614e-17	2.0122792321330962e-16	0.10088274525381731	-0.08971400929517054	-9.141992718397773e-16	0.03301366066060419
-1.5265566588595902e-16	3.469446951953614e-17	0.3455472135472615	-0.3599725060059763	1.3322676295501878e-15	6.106226635438361e-16	0.10088274525381796	3.684552662974738e-15
-2.7755575615628914e-16	1.942890293094024e-16	-0.3599725060059763	0.3749999999999988	6.106226635438361e-16	1.1102230246251565e-15	-0.10509421925004889	-4.447830992404533e-15
-0.14954949474032253	0.10088274525381728	1.3600232051658168e-15	5.828670879282072e-16	0.40445278645274346	0.3072916567655137	4.73232564246473e-15	-0.1130795798782539
0.14709054913645309	-0.08971400929517054	5.828670879282072e-16	1.1379786002407855e-15	0.3072916567655136	0.40021699672003563	4.926614671774132e-15	-0.12600280810224096
2.636779683484747e-16	-9.107298248878237e-16	0.10088274525381796	-0.10509421925004889	4.7253867485608225e-15	4.933553565678039e-15	0.02945278645273969	-5.100087019371813e-16
-0.007194203742497074	0.03301366066060419	3.677613769070831e-15	-4.440892098500626e-15	-0.1130795798782539	-0.12600280810224093	-5.100087019371813e-16	0.0421041565185811
0	4	0	4
0.75
1	1	1	1
0.7078958434814189	0.1260028081022413	0.11307957987825393	-2.0511143947384287e-16	0.033013660660604315	0.0071942037424971295
0.1260028081022413	0.3497830032799635	-0.3072916567655137	4.3953799546366286e-16	-0.0897140092951695	-0.14709054913645345
0.11307957987825393	-0.3072916567655137	0.3455472135472573	-5.08905336092157e-16	0.10088274525381662	0.14954949474032345
-2.0511143947384285e-16	4.3953799546366286e-16	-5.089053360921569e-16	7.517091242594161e-31	-1.4857526082256115e-16	-2.1784912647002306e-16
0.03301366066060431	-0.08971400929516948	0.1008827452538166	-1.4857526082256115e-16	0.029452786452739254	0.0436610772399174
0.0071942037424971295	-0.14709054913645342	0.14954949474032342	-2.1784912647002306e-16	0.043661077239917405	0.0673211532386213
1	3	1	3
0.7205472135472603	-0.10509421925004922	0.10088274525381802
-0.10509421925004922	0.3749999999999998	0.35997250600597613
0.10088274525381802	0.35997250600597613	0.40445278645273985
2	2	2	2
0.3455472135472597	-0.3599725060059764	-0.10088274525381795
-0.35997250600597636	0.3750000000000009	0.10509421925004943
-0.10088274525381793	0.10509421925004943	0.029452786452739823
3	1	3	1
0.
sSaSf
10
-3	1	-3	1
0.
-2	2	-2	2
0.	0.	0.
0.	0.	0.
0.	0.	0.
-1	1	-1	1
-0.03700504846841539	-0.1005605314840263	-0.11307957987825283	-8.252605146980009e-18	-0.03301366066060414	-0.04893974939817569
-0.1005605314840263	-0.2732713754173573	-0.30729165676551395	-2.242630111446676e-17	-0.08971400929517023	-0.13299285945743677
-0.11307957987825283	-0.307291656765514	-0.3455472135472579	-2.5218211069716978e-17	-0.1008827452538175	-0.14954949474032297
-8.252605146980009e-18	-2.2426301114466762e-17	-2.5218211069716978e-17	-1.8404378464762837e-33	-7.362473964083415e-18	-1.0914198048409993e-17
-0.03301366066060414	-0.08971400929517022	-0.10088274525381748	-7.362473964083414e-18	-0.029452786452739715	-0.04366107723991757
-0.04893974939817569	-0.13299285945743677	-0.14954949474032295	-1.0914198048409993e-17	-0.04366107723991758	-0.06472357611422956
-1	3	-1	3
0.009817595484246584	0.035031406416683064	-0.03362758175127263
0.035031406416683064	0.12500000000000006	-0.11999083533532544
-0.03362758175127263	-0.11999083533532544	0.11518240451575341
0	2	0	2
-0.41197018043143346	0.37729981170502025	9.841488627103151e-17	7.794815742918406e-17	0.1101529379959673	-0.18672227239592618	-1.2271740723003401e-15	0.037422635427115145
0.37729981170502025	1.9612721419915152e-16	-1.0602835588514985e-16	3.2422500881396637e-16	1.0772143275283225e-15	0.17100819807476736	1.277247872077819e-15	-0.034273241051984746
9.84148862710315e-17	-1.0602835588514985e-16	-2.2778934777713246e-32	-3.6819857214077585e-32	-3.0955050994730946e-17	4.460577992045256e-17	2.8610324668372315e-31	-8.939832503568267e-18
7.794815742918409e-17	3.242250088139663e-16	-3.6819857214077563e-32	4.3818486831353565e-31	9.46577130034439e-17	3.5329394639704505e-17	4.077598258783324e-31	-7.080671408384206e-18
0.11015293799596731	1.0772143275283225e-15	-3.0955050994730946e-17	9.46577130034439e-17	6.122699762106158e-16	0.04992596035022433	3.7289338953729813e-16	-0.010006096158541719
-0.18672227239592618	0.17100819807476736	4.4605779920452555e-17	3.5329394639704505e-17	0.04992596035022433	-0.08463041420179018	-5.562070807292798e-16	0.01696151774547727
-1.2271740723003403e-15	1.277247872077819e-15	2.861032466837232e-31	4.077598258783323e-31	3.7289338953729813e-16	-5.562070807292798e-16	-3.587443356154152e-30	1.1147430104093974e-16
0.03742263542711515	-0.03427324105198474	-8.939832503568269e-18	-7.0806714083842e-18	-0.010006096158541717	0.016961517745477273	1.1147430104093979e-16	-0.00339940536677717
0	4	0	4
0.25
1	1	1	1
-0.03700504846841535	0.10056053148402637	-0.11307957987825266	1.665381729238917e-16	-0.033013660660603864	-0.04893974939817588
0.10056053148402637	-0.273271375417358	0.3072916567655141	-4.525643898534365e-16	0.08971400929516965	0.13299285945743755
-0.11307957987825266	0.3072916567655141	-0.3455472135472573	5.089053360921569e-16	-0.10088274525381662	-0.14954949474032353
1.6653817292389167e-16	-4.525643898534365e-16	5.089053360921568e-16	-7.494913312841753e-31	1.4857526082256112e-16	2.2024931152520547e-16
-0.03301366066060386	0.08971400929516964	-0.1008827452538166	1.4857526082256112e-16	-0.029452786452739254	-0.043661077239917426
-0.04893974939817588	0.13299285945743752	-0.1495494947403235	2.2024931152520547e-16	-0.04366107723991743	-0.06472357611423016
1	3	1	3
0.009817595484246598	-0.03503140641668307	-0.03362758175127265
-0.03503140641668307	0.12499999999999994	0.11999083533532538
-0.03362758175127265	0.11999083533532538	0.11518240451575341
2	2	2	2
0.	0.	0.
0.	0.	0.
0.	0.	0.
3	1	3	1
0.
sSaSd
10
-3	1	-3	1
0.
-2	2	-2	2
0.	0.	0.
0.	0.	0.
0.	0.	0.
-1	1	-1	1
-0.6708907950130034	0.2265633395862675	-9.978209178600544e-16	-4.121292175837153e-16	1.964071557935126e-16	0.04174554565567833
0.22656333958626748	-0.07651162786260535	3.369693564733242e-16	1.391781979584803e-16	-6.632772645860502e-17	-0.014097689679015743
-9.978209178600542e-16	3.3696935647332415e-16	-1.4840665448387665e-30	-6.12962880431767e-31	2.9211783784329144e-31	6.208846356568417e-17
-4.1212921758371525e-16	1.391781979584803e-16	-6.129628804317672e-31	-2.5317159401907314e-31	1.2065320920591007e-31	2.5644351057680723e-17
1.964071557935126e-16	-6.632772645860502e-17	2.921178378432915e-31	1.2065320920591005e-31	-5.749932944921304e-32	-1.2221249643350807e-17
0.04174554565567833	-0.014097689679015741	6.208846356568418e-17	2.5644351057680723e-17	-1.2221249643350807e-17	-0.002597577124391082
-1	3	-1	3
0.23036480903150677	-2.942934983475565e-17	0.06725516350254525
-2.942934983475565e-17	3.759630801846903e-33	-8.591918805790301e-18
0.06725516350254525	-8.591918805790301e-18	0.019635190968493164
0	2	0	2
0.20598509021571662	2.2338852340850964e-16	-5.788569136499281e-17	1.7700914662250229e-16	6.220580751664523e-16	0.09336113619796274	6.973075787365441e-16	-0.018711317713557565
2.2338852340850964e-16	-0.6910944270945207	3.17916352050736e-17	-7.912264928086617e-16	-0.20176549050763587	1.2268731594610756e-15	-3.066993336323612e-16	-2.2685882416677473e-17
-5.788569136499281e-17	3.1791635205073596e-17	1.4804495278177368e-32	-1.3345007911876758e-32	9.281589634804113e-18	-2.623623831113576e-17	-1.8184782523872077e-31	5.258232821924285e-18
1.7700914662250229e-16	-7.912264928086616e-16	-1.3345007911876764e-32	-7.537573537843518e-31	-2.309991155555093e-16	8.022801567240784e-17	2.4808051948292604e-31	-1.6079194747497433e-17
6.220580751664523e-16	-0.20176549050763584	9.281589634804113e-18	-2.309991155555093e-16	-0.05890557290547952	6.105696846009138e-16	-8.9541080151459e-17	-5.720547755978158e-17
0.09336113619796274	1.2268731594610756e-15	-2.623623831113576e-17	8.022801567240784e-17	6.105696846009138e-16	0.0423152071008948	3.160492235730127e-16	-0.008480758872738603
6.973075787365441e-16	-3.066993336323612e-16	-1.8184782523872077e-31	2.4808051948292604e-31	-8.9541080151459e-17	3.160492235730127e-16	2.224439360536947e-30	-6.334217508727003e-17
-0.018711317713557565	-2.268588241667747e-17	5.258232821924285e-18	-1.6079194747497433e-17	-5.720547755978158e-17	-0.008480758872738603	-6.334217508727003e-17	0.001699702683388584
0	4	0	4
0.25
1	1	1	1
-0.6708907950130035	-0.22656333958626765	-1.263528694261865e-15	3.857326654995118e-17	-4.48719680552102e-16	0.04174554565567875
-0.22656333958626768	-0.07651162786260546	-4.267002659195759e-16	1.3026394389773704e-17	-1.5153498918105883e-16	0.014097689679015892
-1.263528694261865e-15	-4.2670026591957586e-16	-2.3796790373195524e-30	7.264733616792284e-32	-8.451005681880154e-31	7.862187882984216e-17
3.857326654995117e-17	1.30263943897737e-17	7.264733616792284e-32	-2.217792975240841e-33	2.5799405764405655e-32	-2.400185055182404e-18
-4.48719680552102e-16	-1.5153498918105883e-16	-8.451005681880154e-31	2.5799405764405655e-32	-3.0012239430245555e-31	2.792115803396332e-17
0.04174554565567875	0.01409768967901589	7.862187882984217e-17	-2.400185055182404e-18	2.792115803396332e-17	-0.0025975771243911335
1	3	1	3
0.23036480903150683	0.	0.06725516350254533
0.	0.	0.
0.06725516350254533	0.	0.019635190968493206
2	2	2	2
0.	0.	0.
0.	0.	0.
0.	0.	0.
3	1	3	1
0.
# Discretization tables:
z
50
0.52427078513901003119
0.36143013903940941139
0.24662943801998150215
0.16156906659436251174
0.10371316240612053172
0.065992712096606839964
0.041839596677244432778
0.026487653357275046546
0.016758845707050300567
0.010600891341655520587
0.0067050141444384940786
0.0042407300021830519695
0.0026821001479076377635
0.0016963159062078186622
0.0010728461068898959083
0.00067852789246080805737
0.00042913882981414611291
0.00027141125490326615427
0.00017165555669742004156
0.00010856450822812261219
0.000068662224264361143616
0.000043425803692325317448
0.000027464889807209621514
0.000017370321502599008822
0.000010985955929377619146
6.948128602682411971e-6
4.3943823721666489736e-6
2.7792514411781045287e-6
1.7577529488932580736e-6
1.1117005764779707549e-6
7.0310117955900553243e-7
4.4468023059161895433e-7
2.8124047182371116036e-7
1.7787209223667514348e-7
1.1249618872949143678e-7
7.1148836894671821345e-8
4.499847549179702096e-8
2.8459534757868841431e-8
1.7999390196718836944e-8
1.1383813903147543798e-8
7.1997560786875366054e-9
4.5535255612590179814e-9
2.8799024314750147591e-9
1.8214102245036072222e-9
1.1519609725900059111e-9
7.2856408980144289076e-10
4.6078438903600236493e-10
2.9142563592057715643e-10
1.84313755614400946e-10
1.1657025436823086258e-10
7.3725502245760378404e-11
50
0.e-999
0.e-998
0.e-998
0.e-997
0.e-996
0.e-995
0.e-994
0.e-993
0.e-992
0.e-992
0.e-991
0.e-990
0.e-989
0.e-988
0.e-987
0.e-986
0.e-985
0.e-985
0.e-984
0.e-983
0.e-982
0.e-981
0.e-980
0.e-979
0.e-979
0.e-978
0.e-977
0.e-976
0.e-975
0.e-974
0.e-973
0.e-972
0.e-972
0.e-971
0.e-970
0.e-969
0.e-968
0.e-967
0.e-966
0.e-966
0.e-965
0.e-964
0.e-963
0.e-962
0.e-961
0.e-960
0.e-959
0.e-959
0.e-958
0.e-957
0.e-956
