#           T       <Sz^2>          <Q>        <Q^2>          <E>        <E^2>            C            F            S 
      1.03535      0.38102 -7.36657e-18       1.4758    0.0591077    0.0048964   0.00140268     -4.09907      4.15818 
     0.654814     0.473366  1.39149e-16      1.81715      1.06602       1.6881     0.551693      -4.1809      5.24692 
     0.414141     0.535605  2.14963e-17      2.02187      1.21183      2.85344      1.38491     -4.80943      6.02126 
     0.261926     0.561536  5.84883e-16      2.05594      1.89893      5.87424      2.26832     -4.44755      6.34648 
     0.165656     0.577666  3.63171e-15      2.01142      1.65445      5.30228      2.56508     -4.73369      6.38814 
      0.10477     0.598633  4.07222e-15      1.92699      2.13498      7.20873      2.65059     -4.22563      6.36061 
    0.0662625      0.63014  9.20829e-15      1.80192       1.8801      6.31947       2.7847     -4.40046      6.28056 
    0.0419081     0.673046  1.63006e-14      1.62756      2.32148       8.4359      3.04664     -3.79303      6.11451 
     0.026505     0.723059   2.6953e-14      1.42722      1.89221      6.92163      3.34116     -3.91559       5.8078 
    0.0167632     0.764015  3.83893e-14       1.2605      2.05676       7.5775      3.34723     -3.36477      5.42153 
     0.010602     0.783711  4.07923e-14      1.18227      1.48436      5.12841      2.92508     -3.65187      5.13624 
    0.0067053     0.787763  4.11888e-14      1.16431      1.78019      5.77708      2.60802     -3.26565      5.04584 
    0.0042408     0.788274  3.67269e-14      1.16348      1.39989      4.50044      2.54076     -3.63262      5.03251 
   0.00268212     0.788115  3.03917e-14      1.16257      1.77051      5.67621      2.54151     -3.26352      5.03403 
   0.00169632      0.78832  2.23415e-14      1.16317      1.39927      4.49517      2.53722     -3.63201      5.03128 
   0.00107285     0.788189  1.48453e-14       1.1624      1.77045      5.67532      2.54084     -3.26301      5.03346 
  0.000678528     0.788459  6.46231e-15      1.16307      1.39945       4.4953      2.53685     -3.63148      5.03093 
  0.000429139     0.788431  6.84047e-15      1.16233      1.77088      5.67664      2.54063     -3.26236      5.03324 
  0.000271411     0.788861  1.32854e-14      1.16302      1.40025      4.49742      2.53671     -3.63053      5.03079 
  0.000171656     0.789081  2.56373e-14      1.16231      1.77217      5.68116      2.54055     -3.26097      5.03315 
  0.000108565     0.789899  2.90681e-14      1.16301      1.40236       4.5033      2.53669     -3.62836      5.03072 
  6.86622e-05     0.790728  3.55874e-14       1.1623      1.77545      5.69281       2.5406     -3.25763      5.03307 
  4.34258e-05       0.7925   3.3736e-14        1.163      1.40751      4.51795      2.53686     -3.62309       5.0306 
  2.74649e-05     0.794819  3.30823e-14      1.16229      1.78337      5.72148      2.54106     -3.24945      5.03282 
  1.73703e-05     0.798901  3.19944e-14        1.163      1.41965      4.55343      2.53803     -3.61034      5.02999 
   1.0986e-05     0.804754   3.7457e-14      1.16229      1.80144      5.78909      2.54391      -3.2299      5.03134 
  6.94813e-06     0.814135  4.53973e-14        1.163       1.4457      4.63485      2.54481     -3.58074      5.02643 
  4.39438e-06     0.827639  5.13752e-14      1.16229       1.8366      5.93254      2.55943     -3.18633      5.02294 
  2.77925e-06     0.847325  5.80278e-14        1.163       1.4881      4.79254      2.57811     -3.51918      5.00728 
  1.75775e-06     0.872918  6.95302e-14      1.16229      1.87672      6.14484      2.62275     -3.10536      4.98209 
   1.1117e-06     0.902858   7.8758e-14        1.163      1.50565      4.94009      2.67311     -3.42401      4.92966 
  7.03101e-07     0.929868   9.3457e-14      1.16229      1.84858      6.12399      2.70676     -3.01203      4.86061 
   4.4468e-07     0.947001  1.10856e-13        1.163      1.43476      4.71768      2.65913     -3.35431      4.78908 
   2.8124e-07      0.95272  1.20303e-13      1.16229      1.77751      5.74163      2.58207     -2.97689       4.7544 
  1.77872e-07     0.953774   1.1824e-13        1.163       1.3996      4.49981      2.54094     -3.34398      4.74357 
  1.12496e-07     0.953621  1.16144e-13      1.16229      1.76992      5.67318      2.54056      -2.9755      4.74542 
  7.11488e-08     0.953795  1.24997e-13        1.163      1.39914      4.49422      2.53664     -3.34388      4.74302 
  4.49985e-08     0.953603   1.3472e-13      1.16229      1.76992      5.67309      2.54049      -2.9755      4.74542 
  2.84595e-08     0.953777  1.50962e-13        1.163      1.39918      4.49434      2.53663     -3.34384      4.74302 
  1.79994e-08     0.953585  1.62947e-13      1.16229      1.76992      5.67309      2.54049      -2.9755      4.74542 
  1.13838e-08     0.953758  1.70127e-13        1.163      1.39922      4.49445      2.53663      -3.3438      4.74302 
  7.19976e-09     0.953567   1.7049e-13      1.16229      1.76992      5.67309      2.54049      -2.9755      4.74542 
  4.55353e-09      0.95374  1.62019e-13        1.163      1.39926      4.49457      2.53663     -3.34376      4.74302 
   2.8799e-09     0.953548  1.57691e-13      1.16229      1.76992      5.67309      2.54049      -2.9755      4.74542 
  1.82141e-09     0.953721  1.68729e-13        1.163       1.3993      4.49469      2.53663     -3.34371      4.74302 
  1.15196e-09      0.95353  1.73905e-13      1.16229      1.76992      5.67309      2.54049      -2.9755      4.74542 
  7.28564e-10     0.953702  1.68528e-13        1.163      1.39935      4.49481      2.53664     -3.34367      4.74302 
  4.60784e-10     0.953511  1.66586e-13      1.16229      1.76991      5.67309      2.54049      -2.9755      4.74542 
  2.91426e-10     0.953683  1.64912e-13        1.163      1.39939      4.49493      2.53664     -3.34363      4.74302 
  1.84314e-10     0.953492  1.57056e-13      1.16229      1.76991      5.67309      2.54049      -2.9755      4.74542 
   1.1657e-10     0.953664   1.4693e-13        1.163      1.39943      4.49505      2.53664     -3.34359      4.74302 
