# T       <Sz^2>          <Q>        <Q^2>          <E>        <E^2>            C            F            S
1.035351843 0 0 1 0 0 0 -3 3 
0.6548140008 0 -1 1 1 0 0 -3 3 
0.4141407372 0 5 1 0 0 0 -2 3 
0.2619256003 0 -6 1 0 0 0 -3 3 
0.1656562949 0 -5 1 0 1 0 -2 3 
0.1047702401 0 8 0 1 2 0 -3 3 
0.06626251796 0 -2 0 0 2 0 -2 3 
0.04190809605 0 3 0 1 3 1 -2 3 
0.02650500718 0 3 0 0 2 1 -1 2 
0.01676323842 0 3 0 1 2 1 -2 2 
0.01060200287 0 3 0 0 1 0 -1 2 
0.006705295368 0 8 0 0 0 0 -2 2 
0.004240801149 0 9 0 0 0 0 -1 2 
0.002682118147 0 3 0 0 0 0 -2 2 
0.00169632046 0 3 0 0 0 0 -1 2 
0.001072847259 0 3 0 0 0 0 -2 2 
0.0006785281839 0 4 0 0 0 0 -1 2 
0.0004291389035 0 4 0 0 0 0 -2 2 
0.0002714112736 0 11 0 0 0 0 -1 2 
0.0001716555614 0 11 0 0 0 0 -2 2 
0.0001085645094 0 2 0 0 0 0 -1 2 
6.866222457e-05 0 -7 0 0 0 0 -2 2 
4.342580377e-05 0 -6 0 0 0 0 -1 2 
2.746488983e-05 0 -1 0 0 0 0 -2 2 
1.737032151e-05 0 -2 0 0 0 0 -1 2 
1.098595593e-05 0 -3 0 0 0 0 -2 2 
6.948128603e-06 0 -3 0 0 0 0 -1 2 
4.394382372e-06 0 -8 0 0 0 0 -2 2 
2.779251441e-06 0 -1 0 0 0 0 -1 2 
1.757752949e-06 0 -6 0 0 1 0 -2 1 
1.111700576e-06 0 -5 0 0 0 0 -1 1 
7.031011796e-07 0 1 0 0 1 0 -2 1 
4.446802306e-07 0 1 0 0 0 0 -1 1 
2.812404718e-07 0 2 0 0 0 0 -1 1 
1.778720922e-07 0 1 0 0 0 0 -1 1 
1.124961887e-07 0 0 0 0 0 0 -1 1 
7.114883689e-08 0 5 0 0 0 0 -1 1 
4.499847549e-08 0 5 0 0 0 0 -1 1 
2.845953476e-08 0 2 0 0 0 0 -1 1 
1.79993902e-08 0 -6 0 0 0 0 -1 1 
1.13838139e-08 0 -7 0 0 0 0 -1 1 
7.199756079e-09 0 -6 0 0 0 0 -1 1 
4.553525561e-09 0 -1 0 0 0 0 -1 1 
2.879902431e-09 0 -8 0 0 0 0 -1 1 
1.821410225e-09 0 6 0 0 0 0 -1 1 
1.151960973e-09 0 1 0 0 0 0 -1 1 
7.285640898e-10 0 1 0 0 0 0 -1 1 
4.60784389e-10 0 0 0 0 0 0 -1 1 
2.914256359e-10 0 1 0 0 0 0 -1 1 
1.843137556e-10 0 2 0 0 0 0 -1 1 
1.165702544e-10 0 2 0 0 0 0 -1 1 
7.372550225e-11         
4.662810175e-11         
2.94902009e-11         
1.86512407e-11         
1.179608036e-11         
7.46049628e-12         
4.718432144e-12         
2.984198512e-12         
1.887372857e-12         
1.193679405e-12         
7.54949143e-13         
4.774717619e-13         
3.019796572e-13         
1.909887048e-13         
1.207918629e-13         
7.63954819e-14         
4.831674515e-14         
3.055819276e-14         
1.932669806e-14         
1.22232771e-14         
7.730679224e-15         
4.889310842e-15         
3.09227169e-15         
1.955724337e-15         
1.236908676e-15         
7.822897347e-16         
4.947634704e-16         
3.129158939e-16         
1.979053881e-16         
1.251663575e-16         
7.916215526e-17         
5.006654302e-17         
3.16648621e-17         
2.002661721e-17         
1.266594484e-17         
8.010646883e-18         
5.066377936e-18         
3.204258753e-18         
2.026551175e-18         
1.281703501e-18         
8.106204698e-19         
5.126814005e-19         
3.242481879e-19         
2.050725602e-19         
1.296992752e-19         
8.202902408e-20         
5.187971007e-20         
3.281160963e-20         
2.075188403e-20         
1.312464385e-20         
