# Input file for NRG Ljubljana, Rok Zitko, rok.zitko@ijs.si, 2005-2015
# symtype 	QS
# Using sneg version 	1.251
#!8
# Number of channels, impurities, chain sites, subspaces: 
2	0	83	6
# SCALE 	1.0510537250399226
# Energies (GS energy subtracted, multiplied by 1/SCALE):
-2	1
1
0.
-1	2
2
0.	0.
0	1
3
0.	0.	0.
0	3
1
0.
1	2
2
0.	0.
2	1
1
0.
# Irreducible matrix elements for Wilson chains:
f 0 0
6
2	1	1	2
0.	1.4142135623730951
1	2	0	3
-1.224744871391589
0.
1	2	0	1
0.	-0.7071067811865475	0.
0.	0.	1.
0	3	-1	2
0.	-1.
0	1	-1	2
1.4142135623730951	0.
0.	1.
0.	0.
-1	2	-2	1
1.
0.
f 1 0
6
2	1	1	2
1.4142135623730951	0.
1	2	0	3
0.
1.224744871391589
1	2	0	1
1.	0.	0.
0.	-0.7071067811865475	0.
0	3	-1	2
1.	0.
0	1	-1	2
0.	0.
1.	0.
0.	1.4142135623730951
-1	2	-2	1
0.
1.
# GS energy in absolute units:
e
0.
# Irreducible matrix elements for other operators:
# Discretization tables:
z
83
0.50490987762180750294
0.31801074955794716033
0.19523037298213264867
0.11537128229443517389
0.06714955355924674113
0.038874638596785099735
0.02246477380665278115
0.012973994673381464756
0.00749130029299391418
0.0043252507236839013147
0.0024972128624090642823
0.0014417719441743638456
0.00083240846429099542626
0.00048059145189335870647
0.00027746964279552141886
0.0001601971804028872442
0.0000924898866614213124
0.000053399061236954189604
0.000030829962432680492902
0.000017799687119823932968
0.000010276654152086339293
5.9332290414538740736e-6
3.4255513843198726658e-6
1.9777430138739788795e-6
1.1418504614507387738e-6
6.5924767129340113966e-7
3.8061682048397889567e-7
2.1974922376454389272e-7
1.2687227349467442094e-7
7.3249741254850810394e-8
4.2290757831558688057e-8
2.4416580418283708878e-8
1.4096919277186249639e-8
8.1388601394279068634e-9
4.6989730923954172977e-9
2.7129533798093024324e-9
1.5663243641318057937e-9
9.0431779326976748283e-10
5.2210812137726859894e-10
3.0143926442325582781e-10
1.7403604045908953302e-10
1.0047975480775194261e-10
5.8012013486363177674e-11
3.349325160258398087e-11
1.9337337828787725892e-11
1.1164417200861326957e-11
6.4457792762625752972e-12
3.7214724002871089856e-12
2.1485930920875250991e-12
1.2404908000957029952e-12
7.1619769736250836635e-13
4.1349693336523433173e-13
2.3873256578750278878e-13
1.3783231112174477724e-13
7.9577521929167596261e-14
4.5944103707248259081e-14
2.652584064305586542e-14
1.5314701235749419694e-14
8.8419468810186218068e-15
5.1049004119164732312e-15
2.9473156270062072689e-15
1.7016334706388244104e-15
9.8243854233540242298e-16
5.672111568796081368e-16
3.2747951411180080766e-16
1.890703856265360456e-16
1.0915983803726693589e-16
6.3023461875512015201e-17
3.6386612679088978629e-17
2.1007820625170671734e-17
1.2128870893029659543e-17
7.0026068750568905778e-18
4.0429569643432198477e-18
2.3342022916856301926e-18
1.3476523214477399492e-18
7.7806743056187673087e-19
4.4921744048257998307e-19
2.5935581018729224362e-19
1.4973914682752666102e-19
8.6451936729097414541e-20
4.9913048942508887008e-20
2.8817312243032471514e-20
1.6637682980836295669e-20
9.6057707476774905046e-21
83
0.50490987762180750294
0.31801074955794716033
0.19523037298213264867
0.11537128229443517389
0.06714955355924674113
0.038874638596785099735
0.02246477380665278115
0.012973994673381464756
0.00749130029299391418
0.0043252507236839013147
0.0024972128624090642823
0.0014417719441743638456
0.00083240846429099542626
0.00048059145189335870647
0.00027746964279552141886
0.0001601971804028872442
0.0000924898866614213124
0.000053399061236954189604
0.000030829962432680492902
0.000017799687119823932968
0.000010276654152086339293
5.9332290414538740736e-6
3.4255513843198726658e-6
1.9777430138739788795e-6
1.1418504614507387738e-6
6.5924767129340113966e-7
3.8061682048397889567e-7
2.1974922376454389272e-7
1.2687227349467442094e-7
7.3249741254850810394e-8
4.2290757831558688057e-8
2.4416580418283708878e-8
1.4096919277186249639e-8
8.1388601394279068634e-9
4.6989730923954172977e-9
2.7129533798093024324e-9
1.5663243641318057937e-9
9.0431779326976748283e-10
5.2210812137726859894e-10
3.0143926442325582781e-10
1.7403604045908953302e-10
1.0047975480775194261e-10
5.8012013486363177674e-11
3.349325160258398087e-11
1.9337337828787725892e-11
1.1164417200861326957e-11
6.4457792762625752972e-12
3.7214724002871089856e-12
2.1485930920875250991e-12
1.2404908000957029952e-12
7.1619769736250836635e-13
4.1349693336523433173e-13
2.3873256578750278878e-13
1.3783231112174477724e-13
7.9577521929167596261e-14
4.5944103707248259081e-14
2.652584064305586542e-14
1.5314701235749419694e-14
8.8419468810186218068e-15
5.1049004119164732312e-15
2.9473156270062072689e-15
1.7016334706388244104e-15
9.8243854233540242298e-16
5.672111568796081368e-16
3.2747951411180080766e-16
1.890703856265360456e-16
1.0915983803726693589e-16
6.3023461875512015201e-17
3.6386612679088978629e-17
2.1007820625170671734e-17
1.2128870893029659543e-17
7.0026068750568905778e-18
4.0429569643432198477e-18
2.3342022916856301926e-18
1.3476523214477399492e-18
7.7806743056187673087e-19
4.4921744048257998307e-19
2.5935581018729224362e-19
1.4973914682752666102e-19
8.6451936729097414541e-20
4.9913048942508887008e-20
2.8817312243032471514e-20
1.6637682980836295669e-20
9.6057707476774905046e-21
83
0.e-999
0.e-998
0.e-998
0.e-997
0.e-996
0.e-995
0.e-994
0.e-993
0.e-992
0.e-991
0.e-991
0.e-990
0.e-989
0.e-988
0.e-987
0.e-986
0.e-985
0.e-984
0.e-984
0.e-983
0.e-982
0.e-981
0.e-980
0.e-979
0.e-978
0.e-977
0.e-976
0.e-976
0.e-975
0.e-974
0.e-973
0.e-972
0.e-971
0.e-970
0.e-969
0.e-968
0.e-968
0.e-967
0.e-966
0.e-965
0.e-964
0.e-963
0.e-962
0.e-961
0.e-961
0.e-960
0.e-959
0.e-958
0.e-957
0.e-956
0.e-955
0.e-954
0.e-953
0.e-953
0.e-952
0.e-951
0.e-950
0.e-949
0.e-948
0.e-947
0.e-946
0.e-945
0.e-945
0.e-944
0.e-943
0.e-942
0.e-941
0.e-940
0.e-908
0.e-876
0.e-843
0.e-809
0.e-775
0.e-741
0.e-706
0.e-671
0.e-635
0.e-599
0.e-562
0.e-525
0.e-487
0.e-449
0.e-410
0.e-371
83
0.e-999
0.e-998
0.e-998
0.e-997
0.e-996
0.e-995
0.e-994
0.e-993
0.e-992
0.e-991
0.e-991
0.e-990
0.e-989
0.e-988
0.e-987
0.e-986
0.e-985
0.e-984
0.e-984
0.e-983
0.e-982
0.e-981
0.e-980
0.e-979
0.e-978
0.e-977
0.e-976
0.e-976
0.e-975
0.e-974
0.e-973
0.e-972
0.e-971
0.e-970
0.e-969
0.e-968
0.e-968
0.e-967
0.e-966
0.e-965
0.e-964
0.e-963
0.e-962
0.e-961
0.e-961
0.e-960
0.e-959
0.e-958
0.e-957
0.e-956
0.e-955
0.e-954
0.e-953
0.e-953
0.e-952
0.e-951
0.e-950
0.e-949
0.e-948
0.e-947
0.e-946
0.e-945
0.e-945
0.e-944
0.e-943
0.e-942
0.e-941
0.e-940
0.e-908
0.e-876
0.e-843
0.e-809
0.e-775
0.e-741
0.e-706
0.e-671
0.e-635
0.e-599
0.e-562
0.e-525
0.e-487
0.e-449
0.e-410
0.e-371
