0
0.00095142615
0.00095142615
0.00095142615


0
0.00081116866
0.00081116866
0.00081116866


0
0.00079876123
0.00079876123
0.00079876123


0
0.0008007663
0.0008007663
0.0008007663


0
0.00080255538
0.00080255538
0.00080255538


0
0.00080416626
0.00080416626
0.00080416626


0
0.00080570834
0.00080570834
0.00080570834


0
0.00080722836
0.00080722836
0.00080722836


0
0.00080874224
0.00080874224
0.00080874224


0
0.00081025517
0.00081025517
0.00081025517


0
0.00081176889
0.00081176889
0.00081176889


0
0.00081328395
0.00081328395
0.00081328395


0
0.00081480056
0.00081480056
0.00081480056


0
0.00081631877
0.00081631877
0.00081631877


0
0.00081783863
0.00081783863
0.00081783863


0
0.00081936013
0.00081936013
0.00081936013


0
0.00082088328
0.00082088328
0.00082088328


0
0.00082240809
0.00082240809
0.00082240809


0
0.00082393458
0.00082393458
0.00082393458


0
0.00082546273
0.00082546273
0.00082546273


0
0.00082699256
0.00082699256
0.00082699256


0
0.00082852407
0.00082852407
0.00082852407


0
0.00083005726
0.00083005726
0.00083005726


0
0.00083159215
0.00083159215
0.00083159215


0
0.00083312874
0.00083312874
0.00083312874


0
0.00083466703
0.00083466703
0.00083466703


0
0.00083620703
0.00083620703
0.00083620703


0
0.00083774874
0.00083774874
0.00083774874


0
0.00083929217
0.00083929217
0.00083929217


0
0.00084083732
0.00084083732
0.00084083732


0
0.00084238421
0.00084238421
0.00084238421


0
0.00084393283
0.00084393283
0.00084393283

