0.0011892827
0.0011892827


0.001013961
0.001013961


0.00099956042
0.00099956042


0.0010005218
0.0010005218


0.0010025001
0.0010025001


0.0010044429
0.0010044429


0.0010063489
0.0010063489


0.0010082424
0.0010082424


0.001010133
0.001010133


0.0010120241
0.0010120241


0.0010139166
0.0010139166


0.001015811
0.001015811


0.0010177074
0.0010177074


0.0010196059
0.0010196059


0.0010215063
0.0010215063


0.0010234089
0.0010234089


0.0010253135
0.0010253135


0.0010272202
0.0010272202


0.0010291289
0.0010291289


0.0010310398
0.0010310398


0.0010329528
0.0010329528


0.0010348678
0.0010348678


0.001036785
0.001036785


0.0010387043
0.0010387043


0.0010406257
0.0010406257


0.0010425492
0.0010425492


0.0010444749
0.0010444749


0.0010464027
0.0010464027


0.0010483327
0.0010483327


0.0010502648
0.0010502648


0.0010521991
0.0010521991


0.0010541356
0.0010541356

