0.00023785654
0.00023785654


0.00020279208
0.00020279208


0.00019944749
0.00019944749


0.00020030866
0.00020030866


0.00020089873
0.00020089873


0.00020134402
0.00020134402


0.00020174277
0.00020174277


0.00020212694
0.00020212694


0.00020250666
0.00020250666


0.00020288518
0.00020288518


0.00020326359
0.00020326359


0.00020364223
0.00020364223


0.00020402122
0.00020402122


0.00020440061
0.00020440061


0.00020478039
0.00020478039


0.00020516059
0.00020516059


0.0002055412
0.0002055412


0.00020592223
0.00020592223


0.00020630367
0.00020630367


0.00020668553
0.00020668553


0.0002070678
0.0002070678


0.0002074505
0.0002074505


0.00020783362
0.00020783362


0.00020821717
0.00020821717


0.00020860113
0.00020860113


0.00020898553
0.00020898553


0.00020937035
0.00020937035


0.0002097556
0.0002097556


0.00021014127
0.00021014127


0.00021052738
0.00021052738


0.00021091392
0.00021091392


0.0002113009
0.0002113009

