#           T       <Sz^2>          <Q>        <Q^2>          <E>        <E^2>            C            F            S 
      1.05105     0.499881   5.5564e-17            1  0.000951256   1.0747e-06  1.69808e-07     -3.46478      3.46574 
     0.606826     0.672375 -6.16903e-18      1.69019       2.0183      5.24367      1.17014     -3.58334      5.60164 
     0.350351     0.760403  6.86487e-16      2.04255      2.09981      7.43348      3.02426     -4.80329       6.9031 
     0.202275     0.765153  1.06668e-15      2.06274      3.05754      13.2124      3.86387     -4.03298      7.09052 
     0.116784     0.769287  1.70364e-15      2.08266      2.24786      8.63762      3.58473     -4.84428      7.09215 
    0.0674251     0.765786  2.32394e-15      2.06413      3.04948      13.1313        3.832     -4.04005      7.08954 
    0.0389279     0.769457  2.88101e-15      2.08297      2.24668      8.62264      3.57506     -4.84494      7.09162 
     0.022475      0.76584  3.61457e-15      2.06435      3.04907      13.1279      3.83112     -4.04091      7.08997 
     0.012976     0.769468  3.68027e-15      2.08302      2.24669      8.62243      3.57483     -4.84503      7.09172 
   0.00749168     0.765845  4.18337e-15      2.06437      3.04902      13.1275      3.83102       -4.041      7.09001 
   0.00432532     0.769469  4.54824e-15      2.08302      2.24669      8.62241       3.5748     -4.84504      7.09173 
   0.00249723     0.765845  5.04091e-15      2.06437      3.04901      13.1275      3.83101     -4.04101      7.09002 
   0.00144177     0.769469   5.2616e-15      2.08302      2.24669      8.62241       3.5748     -4.84504      7.09173 
  0.000832409     0.765845  6.07508e-15      2.06437      3.04901      13.1275      3.83101     -4.04101      7.09002 
  0.000480592     0.769468   6.5395e-15      2.08302      2.24669      8.62241       3.5748     -4.84504      7.09173 
   0.00027747     0.765844  7.31594e-15      2.06437      3.04901      13.1275      3.83101     -4.04101      7.09002 
  0.000160197     0.769468  7.76297e-15      2.08302      2.24669      8.62242       3.5748     -4.84504      7.09173 
  9.24899e-05     0.765844  8.79418e-15      2.06437      3.04901      13.1275      3.83101     -4.04101      7.09002 
  5.33991e-05     0.769467  9.81488e-15      2.08302      2.24669      8.62243       3.5748     -4.84503      7.09173 
    3.083e-05     0.765843  9.99275e-15      2.06437      3.04901      13.1275      3.83101     -4.04101      7.09002 
  1.77997e-05     0.769467  9.68064e-15      2.08302      2.24669      8.62243       3.5748     -4.84503      7.09173 
  1.02767e-05     0.765843  1.06884e-14      2.06437      3.04901      13.1275      3.83101     -4.04101      7.09002 
  5.93323e-06     0.769466  1.06911e-14      2.08302       2.2467      8.62244       3.5748     -4.84503      7.09173 
  3.42555e-06     0.765843  1.02765e-14      2.06437      3.04901      13.1275      3.83101     -4.04101      7.09002 
  1.97774e-06     0.769466  1.02182e-14      2.08302       2.2467      8.62245       3.5748     -4.84503      7.09173 
  1.14185e-06     0.765842  9.62544e-15      2.06437      3.04901      13.1275      3.83101     -4.04101      7.09002 
  6.59248e-07     0.769465  8.55801e-15      2.08302       2.2467      8.62245       3.5748     -4.84503      7.09173 
  3.80617e-07     0.765842  7.16813e-15      2.06437      3.04901      13.1275      3.83101     -4.04101      7.09002 
  2.19749e-07     0.769465  5.58892e-15      2.08302       2.2467      8.62246       3.5748     -4.84503      7.09173 
  1.26872e-07     0.765841  6.02275e-15      2.06437      3.04901      13.1275      3.83101     -4.04101      7.09002 
  7.32497e-08     0.769464  6.09832e-15      2.08302       2.2467      8.62247       3.5748     -4.84502      7.09173 
  4.22908e-08     0.765841  5.78383e-15      2.06437      3.04901      13.1275      3.83101     -4.04101      7.09002 
  2.44166e-08     0.769464   5.0974e-15      2.08302       2.2467      8.62247       3.5748     -4.84502      7.09173 
  1.40969e-08      0.76584  4.65689e-15      2.06437      3.04901      13.1275      3.83101     -4.04101      7.09002 
  8.13886e-09     0.769463  4.48355e-15      2.08302      2.24671      8.62248       3.5748     -4.84502      7.09173 
  4.69897e-09      0.76584  4.42807e-15      2.06437      3.04901      13.1275      3.83101     -4.04101      7.09002 
  2.71295e-09     0.769463  4.84127e-15      2.08302      2.24671      8.62249       3.5748     -4.84502      7.09173 
  1.56632e-09     0.765839   4.6039e-15      2.06437      3.04901      13.1275      3.83101     -4.04101      7.09002 
  9.04318e-10     0.769462   5.3713e-15      2.08302      2.24671       8.6225       3.5748     -4.84502      7.09173 
  5.22108e-10     0.765839  6.47065e-15      2.06437      3.04901      13.1275      3.83101     -4.04101      7.09002 
  3.01439e-10     0.769462  6.85836e-15      2.08302      2.24671       8.6225       3.5748     -4.84502      7.09173 
  1.74036e-10     0.765838  5.94771e-15      2.06437      3.04901      13.1275      3.83101     -4.04101      7.09002 
   1.0048e-10     0.769461  4.42529e-15      2.08302      2.24671      8.62251       3.5748     -4.84502      7.09173 
   5.8012e-11     0.765838  3.68777e-15      2.06437      3.04901      13.1275      3.83101     -4.04101      7.09002 
  3.34933e-11     0.769461  3.41173e-15      2.08302      2.24671      8.62252       3.5748     -4.84501      7.09173 
  1.93373e-11     0.765837  3.22783e-15      2.06437      3.04901      13.1275      3.83101     -4.04101      7.09002 
  1.11644e-11     0.769461  3.50779e-15      2.08302      2.24671      8.62252       3.5748     -4.84501      7.09173 
  6.44578e-12     0.765837  4.81277e-15      2.06437      3.04901      13.1275      3.83101     -4.04101      7.09002 
  3.72147e-12      0.76946  6.28649e-15      2.08302      2.24672      8.62253       3.5748     -4.84501      7.09173 
  2.14859e-12     0.765836  6.99864e-15      2.06437      3.04901      13.1275      3.83101     -4.04101      7.09002 
  1.24049e-12      0.76946  6.62878e-15      2.08302      2.24672      8.62254       3.5748     -4.84501      7.09173 
  7.16198e-13     0.765836   6.0741e-15      2.06437      3.04901      13.1275      3.83101     -4.04101      7.09002 
  4.13497e-13     0.769459   6.7297e-15      2.08302      2.24672      8.62254       3.5748     -4.84501      7.09173 
  2.38733e-13     0.765835  7.35444e-15      2.06437      3.04901      13.1275      3.83101     -4.04101      7.09002 
  1.37832e-13     0.769459  7.87325e-15      2.08302      2.24672      8.62255       3.5748     -4.84501      7.09173 
  7.95775e-14     0.765835   7.8431e-15      2.06437      3.04901      13.1275      3.83101     -4.04101      7.09002 
  4.59441e-14     0.769458  7.14274e-15      2.08302      2.24672      8.62256       3.5748       -4.845      7.09173 
  2.65258e-14     0.765834  6.03214e-15      2.06437      3.04901      13.1275      3.83101     -4.04101      7.09002 
  1.53147e-14     0.769458  4.59932e-15      2.08302      2.24672      8.62257       3.5748       -4.845      7.09173 
  8.84195e-15     0.765834  4.13962e-15      2.06437      3.04901      13.1275      3.83101     -4.04101      7.09002 
   5.1049e-15     0.769457  3.51735e-15      2.08302      2.24673      8.62257       3.5748       -4.845      7.09173 
  2.94732e-15     0.765833  2.55302e-15      2.06437      3.04901      13.1275      3.83101     -4.04101      7.09002 
  1.70163e-15     0.769457  1.47428e-15      2.08302      2.24673      8.62258       3.5748       -4.845      7.09173 
