# T		<Sz^2>	<Q>	<Q^2>	<E>	<E^2>	C	F	S
1.05e+00	0.2499	0.0000	0.0000	0.0010	0.0000	0.0000	-0.6922	0.6931
6.07e-01	0.2498	-0.0000	0.0000	0.0000	0.0000	0.0000	-0.6932	0.6932
3.50e-01	0.2498	0.0000	0.0000	0.0008	0.0034	0.0000	-0.6923	0.6932
2.02e-01	0.2476	-0.0000	-0.0075	-0.0636	-0.8216	-0.4284	-0.6843	0.6206
1.17e-01	0.2469	-0.0000	-0.0069	-0.0675	-0.7628	-0.4546	-0.6826	0.6151
6.74e-02	0.2475	0.0000	-0.0089	-0.0731	-0.9371	-0.4861	-0.6828	0.6097
3.89e-02	0.2469	0.0000	-0.0074	-0.0728	-0.8267	-0.4940	-0.6819	0.6091
2.25e-02	0.2475	0.0000	-0.0089	-0.0721	-0.9224	-0.4774	-0.6828	0.6107
1.30e-02	0.2469	0.0000	-0.0074	-0.0728	-0.8252	-0.4930	-0.6819	0.6092
7.49e-03	0.2475	0.0000	-0.0089	-0.0721	-0.9225	-0.4774	-0.6828	0.6107
4.33e-03	0.2469	0.0000	-0.0074	-0.0728	-0.8253	-0.4930	-0.6819	0.6092
2.50e-03	0.2475	0.0000	-0.0089	-0.0721	-0.9225	-0.4774	-0.6828	0.6107
1.44e-03	0.2469	0.0000	-0.0074	-0.0728	-0.8253	-0.4930	-0.6819	0.6092
8.32e-04	0.2475	0.0000	-0.0089	-0.0721	-0.9225	-0.4774	-0.6828	0.6107
4.81e-04	0.2469	0.0000	-0.0074	-0.0728	-0.8253	-0.4930	-0.6819	0.6092
2.77e-04	0.2475	0.0000	-0.0089	-0.0721	-0.9225	-0.4774	-0.6828	0.6107
1.60e-04	0.2469	0.0000	-0.0074	-0.0728	-0.8252	-0.4930	-0.6819	0.6092
9.25e-05	0.2475	0.0000	-0.0089	-0.0721	-0.9225	-0.4774	-0.6828	0.6107
5.34e-05	0.2469	0.0000	-0.0074	-0.0728	-0.8252	-0.4930	-0.6819	0.6092
3.08e-05	0.2475	0.0000	-0.0089	-0.0721	-0.9225	-0.4774	-0.6828	0.6107
1.78e-05	0.2469	0.0000	-0.0074	-0.0728	-0.8252	-0.4930	-0.6819	0.6092
1.03e-05	0.2475	0.0000	-0.0089	-0.0721	-0.9225	-0.4774	-0.6828	0.6107
5.93e-06	0.2469	0.0000	-0.0074	-0.0727	-0.8252	-0.4930	-0.6819	0.6092
3.43e-06	0.2475	0.0000	-0.0089	-0.0721	-0.9225	-0.4774	-0.6828	0.6107
1.98e-06	0.2469	0.0000	-0.0074	-0.0727	-0.8252	-0.4930	-0.6819	0.6092
1.14e-06	0.2475	0.0000	-0.0089	-0.0721	-0.9225	-0.4774	-0.6828	0.6107
6.59e-07	0.2469	0.0000	-0.0074	-0.0727	-0.8252	-0.4930	-0.6819	0.6092
3.81e-07	0.2475	0.0000	-0.0089	-0.0721	-0.9225	-0.4774	-0.6828	0.6107
2.20e-07	0.2469	0.0000	-0.0074	-0.0727	-0.8252	-0.4930	-0.6819	0.6092
1.27e-07	0.2475	0.0000	-0.0089	-0.0721	-0.9225	-0.4774	-0.6828	0.6107
7.32e-08	0.2469	0.0000	-0.0074	-0.0727	-0.8252	-0.4930	-0.6819	0.6092
4.23e-08	0.2475	0.0000	-0.0089	-0.0721	-0.9225	-0.4774	-0.6828	0.6107
2.44e-08	0.2469	0.0000	-0.0074	-0.0727	-0.8252	-0.4930	-0.6819	0.6092
1.41e-08	0.2475	0.0000	-0.0089	-0.0721	-0.9225	-0.4774	-0.6828	0.6107
8.14e-09	0.2469	0.0000	-0.0074	-0.0727	-0.8252	-0.4930	-0.6819	0.6092
4.70e-09	0.2475	0.0000	-0.0089	-0.0721	-0.9225	-0.4774	-0.6828	0.6107
2.71e-09	0.2469	0.0000	-0.0074	-0.0727	-0.8252	-0.4930	-0.6819	0.6092
1.57e-09	0.2475	0.0000	-0.0089	-0.0721	-0.9225	-0.4774	-0.6828	0.6107
9.04e-10	0.2469	0.0000	-0.0074	-0.0727	-0.8252	-0.4930	-0.6819	0.6092
5.22e-10	0.2475	0.0000	-0.0089	-0.0721	-0.9225	-0.4774	-0.6828	0.6107
3.01e-10	0.2469	0.0000	-0.0074	-0.0727	-0.8252	-0.4930	-0.6819	0.6092
1.74e-10	0.2475	0.0000	-0.0089	-0.0721	-0.9225	-0.4774	-0.6828	0.6107
1.00e-10	0.2469	0.0000	-0.0074	-0.0727	-0.8252	-0.4930	-0.6819	0.6092
5.80e-11	0.2475	0.0000	-0.0089	-0.0721	-0.9225	-0.4774	-0.6828	0.6107
3.35e-11	0.2469	0.0000	-0.0074	-0.0727	-0.8251	-0.4930	-0.6819	0.6092
1.93e-11	0.2475	0.0000	-0.0089	-0.0721	-0.9225	-0.4774	-0.6828	0.6107
1.12e-11	0.2469	0.0000	-0.0074	-0.0727	-0.8251	-0.4930	-0.6819	0.6092
6.45e-12	0.2475	0.0000	-0.0089	-0.0721	-0.9225	-0.4774	-0.6828	0.6107
3.72e-12	0.2469	0.0000	-0.0074	-0.0727	-0.8251	-0.4930	-0.6819	0.6092
2.15e-12	0.2475	0.0000	-0.0089	-0.0721	-0.9225	-0.4774	-0.6828	0.6107
1.24e-12	0.2469	0.0000	-0.0074	-0.0727	-0.8251	-0.4930	-0.6819	0.6092
7.16e-13	0.2475	0.0000	-0.0089	-0.0721	-0.9225	-0.4774	-0.6828	0.6107
4.13e-13	0.2469	0.0000	-0.0074	-0.0727	-0.8251	-0.4930	-0.6819	0.6092
2.39e-13	0.2475	0.0000	-0.0089	-0.0721	-0.9225	-0.4774	-0.6828	0.6107
1.38e-13	0.2469	0.0000	-0.0074	-0.0727	-0.8251	-0.4930	-0.6819	0.6092
7.96e-14	0.2475	0.0000	-0.0089	-0.0721	-0.9225	-0.4774	-0.6828	0.6107
4.59e-14	0.2469	0.0000	-0.0074	-0.0727	-0.8251	-0.4930	-0.6819	0.6092
2.65e-14	0.2475	0.0000	-0.0089	-0.0721	-0.9225	-0.4774	-0.6828	0.6107
1.53e-14	0.2469	0.0000	-0.0074	-0.0727	-0.8251	-0.4930	-0.6819	0.6092
8.84e-15	0.2475	0.0000	-0.0089	-0.0721	-0.9225	-0.4774	-0.6828	0.6107
5.10e-15	0.2469	0.0000	-0.0074	-0.0727	-0.8251	-0.4930	-0.6819	0.6092
2.95e-15	0.2475	0.0000	-0.0089	-0.0721	-0.9225	-0.4774	-0.6828	0.6107
1.70e-15	0.2469	0.0000	-0.0074	-0.0727	-0.8251	-0.4930	-0.6819	0.6092
