#           T       <Sz^2>          <Q>        <Q^2>          <E>        <E^2>            C            F            S 
      1.05105         0.25            0            1            0            0            0     -2.77259      2.77259 
     0.606826     0.422549  1.03331e-16      1.69019       2.0183      5.24367      1.17013     -2.89019      4.90849 
     0.350351     0.510638 -1.15174e-15      2.04255        2.099      7.43007      3.02426     -4.11095      6.20995 
     0.202275     0.517748 -8.02551e-15      2.07099      3.12774      14.1405       4.3578     -3.34934      6.47708 
     0.116784      0.52272  3.42351e-06      2.09089      2.33015       9.6125      4.18288     -4.16312      6.49327 
    0.0674251     0.518504  4.64298e-06      2.07403      3.13235      14.2291      4.41754     -3.35822      6.49056 
    0.0389279     0.522853  7.12847e-06      2.09144      2.33047      9.61209      4.18102     -4.16405      6.49452 
     0.022475     0.518563   5.6522e-06      2.07427      3.13197      14.2259      4.41662      -3.3591      6.49107 
     0.012976     0.522868  7.82159e-06       2.0915       2.3305      9.61201      4.18079     -4.16415      6.49465 
   0.00749168      0.51857  5.50098e-06      2.07429      3.13193      14.2255      4.41653      -3.3592      6.49113 
   0.00432532     0.522871  8.14412e-06       2.0915      2.33051      9.61208      4.18082     -4.16417      6.49467 
   0.00249723     0.518571  5.10204e-06      2.07429      3.13192      14.2255      4.41651     -3.35921      6.49113 
   0.00144177     0.522871   6.9456e-06       2.0915       2.3305      9.61203      4.18078     -4.16417      6.49467 
  0.000832409     0.518571  4.82704e-06      2.07429      3.13192      14.2254      4.41649     -3.35921      6.49113 
  0.000480592     0.522871  6.88936e-06       2.0915      2.33051      9.61205      4.18079     -4.16417      6.49467 
   0.00027747     0.518571  4.12382e-06      2.07429      3.13192      14.2254       4.4165     -3.35921      6.49113 
  0.000160197     0.522871  6.94844e-06      2.09149       2.3305      9.61202      4.18077     -4.16417      6.49467 
  9.24899e-05     0.518571  4.15355e-06      2.07428      3.13192      14.2254      4.41646     -3.35921      6.49113 
  5.33991e-05     0.522871  6.22709e-06      2.09149       2.3305      9.61196      4.18074     -4.16417      6.49467 
    3.083e-05      0.51857  3.44944e-06      2.07428      3.13191      14.2253      4.41642     -3.35921      6.49112 
  1.77997e-05     0.522868  2.80596e-06      2.09148      2.33047      9.61153      4.18044     -4.16416      6.49463 
  1.02767e-05      0.51857  2.85681e-06      2.07428      3.13191      14.2253      4.41642     -3.35921      6.49112 
  5.93323e-06     0.522868  2.60998e-06      2.09147      2.33046      9.61136      4.18032     -4.16416      6.49462 
  3.42555e-06      0.51857  3.89965e-06      2.07427      3.13191      14.2253       4.4164     -3.35921      6.49112 
  1.97774e-06     0.522868  4.62878e-06      2.09146      2.33046      9.61138      4.18034     -4.16416      6.49462 
  1.14185e-06      0.51857  4.72577e-06      2.07427      3.13191      14.2253      4.41638     -3.35921      6.49112 
  6.59248e-07     0.522867   6.1159e-06      2.09146      2.33045      9.61126      4.18025     -4.16416      6.49461 
  3.80617e-07      0.51857  4.74964e-06      2.07427      3.13191      14.2252      4.41638     -3.35921      6.49112 
  2.19749e-07     0.522866  6.87666e-06      2.09145      2.33044        9.611      4.18007     -4.16416       6.4946 
  1.26872e-07      0.51857  4.64569e-06      2.07427      3.13191      14.2253      4.41638     -3.35921      6.49112 
  7.32497e-08     0.522866  6.75626e-06      2.09145      2.33044      9.61102      4.18008     -4.16416       6.4946 
  4.22908e-08      0.51857  4.32992e-06      2.07427      3.13191      14.2253       4.4164     -3.35921      6.49112 
  2.44166e-08     0.522866  4.78185e-06      2.09144      2.33042      9.61079      4.17993     -4.16416      6.49458 
  1.40969e-08     0.518571  3.96668e-06      2.07427      3.13191      14.2253       4.4164     -3.35921      6.49112 
  8.13886e-09     0.522866  3.71121e-06      2.09144      2.33042      9.61073      4.17988     -4.16416      6.49458 
  4.69897e-09     0.518567  2.05045e-06      2.07425      3.13187      14.2245      4.41587      -3.3592      6.49107 
  2.71295e-09      0.52285  2.87436e-06      2.09139      2.33022      9.60772      4.17781     -4.16414      6.49435 
  1.56632e-09      0.51856  2.09895e-06      2.07424      3.13177      14.2228      4.41479     -3.35919      6.49096 
  9.04318e-10     0.522848  4.24944e-06      2.09139      2.33019      9.60729      4.17752     -4.16414      6.49432 
  5.22108e-10     0.518561  3.09056e-06      2.07424      3.13178       14.223      4.41492      -3.3592      6.49098 
  3.01439e-10     0.522847  2.45323e-06      2.09139      2.33018      9.60714      4.17742     -4.16413      6.49431 
  1.74036e-10     0.518561  3.26655e-06      2.07424      3.13178       14.223      4.41492     -3.35919      6.49098 
   1.0048e-10     0.522847   4.0137e-06      2.09139      2.33018      9.60723      4.17748     -4.16413      6.49432 
   5.8012e-11     0.518561  3.35174e-06      2.07424      3.13178       14.223      4.41493      -3.3592      6.49098 
  3.34933e-11     0.522847  2.76005e-06      2.09138      2.33018      9.60712       4.1774     -4.16413      6.49431 
  1.93373e-11     0.518561  3.71369e-06      2.07424      3.13178       14.223      4.41492     -3.35919      6.49098 
  1.11644e-11     0.522847  4.32224e-06      2.09139      2.33018       9.6072      4.17746     -4.16413      6.49432 
  6.44578e-12     0.518561  3.79748e-06      2.07424      3.13178      14.2229       4.4149     -3.35919      6.49098 
  3.72147e-12     0.522847  2.75829e-06      2.09138      2.33018      9.60712       4.1774     -4.16413      6.49431 
  2.14859e-12     0.518561   3.7157e-06      2.07424      3.13178      14.2229      4.41489     -3.35919      6.49097 
  1.24049e-12     0.522847  3.79144e-06      2.09139      2.33018      9.60716      4.17743     -4.16413      6.49431 
  7.16198e-13     0.518561  3.83006e-06      2.07424      3.13178      14.2229      4.41488     -3.35919      6.49097 
  4.13497e-13     0.522847  2.75029e-06      2.09138      2.33018      9.60712       4.1774     -4.16413      6.49431 
  2.38733e-13     0.518561  3.71856e-06      2.07424      3.13178      14.2229      4.41489     -3.35919      6.49097 
  1.37832e-13     0.522847   3.7862e-06      2.09139      2.33018      9.60716      4.17743     -4.16413      6.49431 
  7.95775e-14     0.518561  3.83198e-06      2.07424      3.13178      14.2229      4.41488     -3.35919      6.49097 
  4.59441e-14     0.522847  2.74599e-06      2.09138      2.33018      9.60712       4.1774     -4.16413      6.49431 
  2.65258e-14     0.518561     3.72e-06      2.07424      3.13178      14.2229      4.41489     -3.35919      6.49097 
  1.53147e-14     0.522847  3.78265e-06      2.09139      2.33018      9.60716      4.17743     -4.16413      6.49431 
  8.84195e-15     0.518561  3.83312e-06      2.07424      3.13178      14.2229      4.41488     -3.35919      6.49097 
   5.1049e-15     0.522847  2.74328e-06      2.09138      2.33018      9.60712       4.1774     -4.16413      6.49431 
  2.94732e-15     0.518561  3.79573e-06      2.07424      3.13178       14.223      4.41491     -3.35919      6.49098 
  1.70163e-15     0.522847  4.31123e-06      2.09139      2.33018      9.60721      4.17747     -4.16413      6.49432 
  9.82439e-16     0.518561  3.91066e-06      2.07424      3.13178      14.2229       4.4149     -3.35919      6.49097 
  5.67211e-16     0.522847   2.7447e-06      2.09138      2.33018      9.60712       4.1774     -4.16413      6.49431 
   3.2748e-16     0.518561  3.75874e-06      2.07424      3.13178      14.2229      4.41489     -3.35919      6.49097 
   1.8907e-16     0.522847  3.77936e-06      2.09139      2.33018      9.60716      4.17743     -4.16413      6.49431 
   1.0916e-16     0.518561  3.83442e-06      2.07424      3.13178      14.2229      4.41488     -3.35919      6.49097 
  6.30235e-17     0.522847  2.74087e-06      2.09138      2.33018      9.60712       4.1774     -4.16413      6.49431 
  3.63866e-17     0.518561  3.75941e-06      2.07424      3.13178      14.2229      4.41489     -3.35919      6.49097 
  2.10078e-17     0.522847  3.77851e-06      2.09139      2.33018      9.60716      4.17743     -4.16413      6.49431 
  1.21289e-17     0.518561  3.83476e-06      2.07424      3.13178      14.2229      4.41488     -3.35919      6.49097 
  7.00261e-18     0.522847  2.74031e-06      2.09138      2.33018      9.60712       4.1774     -4.16413      6.49431 
  4.04296e-18     0.518561  3.72225e-06      2.07424      3.13178      14.2229      4.41488     -3.35919      6.49097 
   2.3342e-18     0.522847  3.67426e-06      2.09139      2.33018      9.60715      4.17742     -4.16413      6.49431 
  1.34765e-18     0.518561  3.79671e-06      2.07424      3.13178      14.2229      4.41487     -3.35919      6.49097 
  7.78067e-19     0.522847  2.73991e-06      2.09138      2.33018      9.60712       4.1774     -4.16413      6.49431 
  4.49217e-19     0.518561  3.72235e-06      2.07424      3.13178      14.2229      4.41488     -3.35919      6.49097 
  2.59356e-19     0.522847  3.67385e-06      2.09139      2.33018      9.60715      4.17742     -4.16413      6.49431 
  1.49739e-19     0.518561  3.79687e-06      2.07424      3.13178      14.2229      4.41487     -3.35919      6.49097 
  8.64519e-20     0.522847  2.73952e-06      2.09138      2.33018      9.60712       4.1774     -4.16413      6.49431 
   4.9913e-20     0.518561  3.72257e-06      2.07424      3.13178      14.2229      4.41488     -3.35919      6.49097 
  2.88173e-20     0.522847  3.67345e-06      2.09139      2.33018      9.60715      4.17742     -4.16413      6.49431 
  1.66377e-20     0.518561  3.79708e-06      2.07424      3.13178      14.2229      4.41487     -3.35919      6.49097 
