#           1            2            3            4            5            6            7            8 
#           T        SZ2f0         SdSd         SdSf          flm          n_d          n_f          s^2 
      1.03535        0.125     0.375905 -1.11441e-05     0.501207            1            1     0.375905 
     0.654814        0.125     0.376432 -2.51435e-05     0.501909            1            1     0.376432 
     0.414141        0.125     0.377263 -5.54665e-05     0.503018            1            1     0.377263 
     0.261926        0.125     0.378578 -0.000108204      0.50477            1            1     0.378578 
     0.165656        0.125     0.380654 -0.000184157     0.507539            1            1     0.380654 
      0.10477        0.125     0.383932 -0.000280392     0.511909            1            1     0.383932 
    0.0662625        0.125     0.389112 -0.000397112     0.518816            1            1     0.389112 
    0.0419081        0.125      0.39724 -0.000534601     0.529653            1            1      0.39724 
     0.026505        0.125     0.410011 -0.000692165     0.546682            1            1     0.410011 
    0.0167632        0.125     0.429863 -0.000869566      0.57315            1            1     0.429863 
     0.010602        0.125     0.460178  -0.00106286      0.61357            1            1     0.460178 
    0.0067053        0.125     0.504886  -0.00126428     0.673181            1            1     0.504886 
    0.0042408        0.125     0.565215   -0.0014525      0.75362            1            1     0.565215 
   0.00268212        0.125     0.634172  -0.00159232     0.845563            1            1     0.634172 
   0.00169632        0.125     0.691378  -0.00165233     0.921837            1            1     0.691378 
   0.00107285        0.125     0.720654  -0.00165064     0.960871            1            1     0.720654 
  0.000678528        0.125     0.728578  -0.00163581     0.971437            1            1     0.728578 
  0.000429139        0.125     0.729873  -0.00162937     0.973164            1            1     0.729873 
  0.000271411        0.125     0.730171  -0.00162791     0.973562            1            1     0.730171 
  0.000171656        0.125     0.730271  -0.00162818     0.973694            1            1     0.730271 
  0.000108565        0.125     0.730304  -0.00162875     0.973738            1            1     0.730304 
  6.86622e-05        0.125     0.730313  -0.00162936     0.973751            1            1     0.730313 
  4.34258e-05        0.125     0.730315  -0.00162983     0.973753            1            1     0.730315 
  2.74649e-05        0.125     0.730313  -0.00163021     0.973751            1            1     0.730313 
  1.73703e-05        0.125     0.730311  -0.00163048     0.973749            1            1     0.730311 
   1.0986e-05        0.125      0.73031  -0.00163068     0.973746            1            1      0.73031 
  6.94813e-06        0.125     0.730309  -0.00163082     0.973745            1            1     0.730309 
  4.39438e-06        0.125     0.730308  -0.00163092     0.973744            1            1     0.730308 
  2.77925e-06        0.125     0.730307  -0.00163099     0.973743            1            1     0.730307 
  1.75775e-06        0.125     0.730306  -0.00163104     0.973742            1            1     0.730306 
   1.1117e-06        0.125     0.730306  -0.00163108     0.973741            1            1     0.730306 
  7.03101e-07        0.125     0.730306  -0.00163111     0.973741            1            1     0.730306 
   4.4468e-07        0.125     0.730306  -0.00163112     0.973741            1            1     0.730306 
   2.8124e-07        0.125     0.730305  -0.00163114     0.973741            1            1     0.730305 
  1.77872e-07        0.125     0.730305  -0.00163115      0.97374            1            1     0.730305 
  1.12496e-07        0.125     0.730305  -0.00163116      0.97374            1            1     0.730305 
  7.11488e-08        0.125     0.730305  -0.00163116      0.97374            1            1     0.730305 
  4.49985e-08        0.125     0.730305  -0.00163117      0.97374            1            1     0.730305 
  2.84595e-08        0.125     0.730305  -0.00163117      0.97374            1            1     0.730305 
  1.79994e-08        0.125     0.730305  -0.00163117      0.97374            1            1     0.730305 
  1.13838e-08        0.125     0.730305  -0.00163117      0.97374            1            1     0.730305 
  7.19976e-09        0.125     0.730305  -0.00163117      0.97374            1            1     0.730305 
  4.55353e-09        0.125     0.730305  -0.00163118      0.97374            1            1     0.730305 
   2.8799e-09        0.125     0.730305  -0.00163118      0.97374            1            1     0.730305 
  1.82141e-09        0.125     0.730305  -0.00163118      0.97374            1            1     0.730305 
  1.15196e-09        0.125     0.730305  -0.00163118      0.97374            1            1     0.730305 
  7.28564e-10        0.125     0.730305  -0.00163118      0.97374            1            1     0.730305 
  4.60784e-10        0.125     0.730305  -0.00163118      0.97374            1            1     0.730305 
  2.91426e-10        0.125     0.730305  -0.00163118      0.97374            1            1     0.730305 
  1.84314e-10        0.125     0.730305  -0.00163118      0.97374            1            1     0.730305 
   1.1657e-10        0.125     0.730305  -0.00163118      0.97374            1            1     0.730305 
  7.37255e-11        0.125     0.730305  -0.00163118      0.97374            1            1     0.730305 
  4.66281e-11        0.125     0.730305  -0.00163118      0.97374            1            1     0.730305 
  2.94902e-11        0.125     0.730305  -0.00163118      0.97374            1            1     0.730305 
  1.86512e-11        0.125     0.730305  -0.00163118      0.97374            1            1     0.730305 
  1.17961e-11        0.125     0.730305  -0.00163118      0.97374            1            1     0.730305 
   7.4605e-12        0.125     0.730305  -0.00163118      0.97374            1            1     0.730305 
  4.71843e-12        0.125     0.730305  -0.00163118      0.97374            1            1     0.730305 
   2.9842e-12        0.125     0.730305  -0.00163118      0.97374            1            1     0.730305 
  1.88737e-12        0.125     0.730305  -0.00163118      0.97374            1            1     0.730305 
  1.19368e-12        0.125     0.730305  -0.00163118      0.97374            1            1     0.730305 
  7.54949e-13        0.125     0.730305  -0.00163118      0.97374            1            1     0.730305 
  4.77472e-13        0.125     0.730305  -0.00163118      0.97374            1            1     0.730305 
   3.0198e-13        0.125     0.730305  -0.00163118      0.97374            1            1     0.730305 
  1.90989e-13        0.125     0.730305  -0.00163118      0.97374            1            1     0.730305 
  1.20792e-13        0.125     0.730305  -0.00163118      0.97374            1            1     0.730305 
  7.63955e-14        0.125     0.730305  -0.00163118      0.97374            1            1     0.730305 
  4.83167e-14        0.125     0.730305  -0.00163118      0.97374            1            1     0.730305 
  3.05582e-14        0.125     0.730305  -0.00163118      0.97374            1            1     0.730305 
  1.93267e-14        0.125     0.730305  -0.00163118      0.97374            1            1     0.730305 
  1.22233e-14        0.125     0.730305  -0.00163118      0.97374            1            1     0.730305 
  7.73068e-15        0.125     0.730305  -0.00163118      0.97374            1            1     0.730305 
  4.88931e-15        0.125     0.730305  -0.00163118      0.97374            1            1     0.730305 
  3.09227e-15        0.125     0.730305  -0.00163118      0.97374            1            1     0.730305 
  1.95572e-15        0.125     0.730305  -0.00163118      0.97374            1            1     0.730305 
  1.23691e-15        0.125     0.730305  -0.00163118      0.97374            1            1     0.730305 
