#           T       <Sz^2>          <Q>        <Q^2>          <E>        <E^2>            C            F            S 
      1.03535     0.250294  1.41846e-17     0.998763    0.0218057  0.000600094  0.000124603     -2.75072      2.77253 
     0.654814      0.33932 -2.52837e-17      1.35346      0.99634      1.54128     0.548583     -2.86587      3.86221 
     0.414141      0.39632  2.95836e-16      1.57925      1.11911      2.62972      1.37731     -3.51974      4.63885 
     0.261926     0.414004 -6.62407e-17      1.64648      1.73585      5.26305      2.24986     -3.23382      4.96967 
     0.165656     0.417226  1.75585e-16      1.65383      1.43789      4.58776      2.52022     -3.58708      5.02497 
      0.10477     0.418291 -2.42561e-15      1.64935      1.79424      5.76242      2.54313     -3.23618      5.03042 
    0.0662625     0.420196 -3.13274e-15      1.64319      1.47223      4.70652      2.53907     -3.55532      5.02755 
    0.0419081     0.422639 -1.85014e-15      1.63127       1.8264      5.88238      2.54665     -3.20168      5.02808 
     0.026505     0.426892  6.35199e-15      1.61427      1.52945      4.88801      2.54878     -3.49193      5.02138 
    0.0167632     0.433043  1.79299e-14      1.58598       1.8951      6.15981      2.56839     -3.11963      5.01473 
     0.010602     0.442873  3.27668e-14      1.54448      1.62481      5.23666      2.59663     -3.36785      4.99267 
    0.0067053     0.456892  4.80215e-14      1.48169      1.99835      6.66229       2.6689     -2.95486      4.95321 
    0.0042408     0.476249  5.42522e-14      1.39822      1.70968      5.70402      2.78101     -3.15695      4.86663 
   0.00268212       0.4979  4.03727e-14      1.30141      2.00206       6.9216      2.91337     -2.72335      4.72541 
   0.00169632     0.516107  5.69182e-15      1.22176      1.59349      5.44706      2.90784     -2.95073      4.54422 
   0.00107285     0.524913  -2.7287e-14      1.17962      1.82082      6.05341      2.73802     -2.59132      4.41214 
  0.000678528     0.527253 -3.99245e-14      1.16823      1.46508      4.73295      2.58649     -2.89206      4.35714 
  0.000429139     0.527083 -3.97259e-14      1.16487      1.77308      5.69512       2.5513     -2.57465      4.34774 
  0.000271411     0.526931 -4.24161e-14      1.16452      1.45759      4.66535      2.54078     -2.88429      4.34188 
  0.000171656     0.526345 -4.66545e-14      1.16325      1.77018       5.6765      2.54295     -2.57222       4.3424 
  0.000108565     0.526116 -4.97745e-14      1.16358      1.45936      4.66723      2.53751     -2.87954       4.3389 
  6.86622e-05     0.525497  -5.2392e-14      1.16267      1.76922      5.67127      2.54112     -2.57135      4.34057 
  4.34258e-05     0.525248 -5.29285e-14      1.16322       1.4625      4.67531      2.53642     -2.87522      4.33771 
  2.74649e-05     0.524601 -5.04447e-14      1.16244      1.76875      5.66893      2.54044     -2.57105       4.3398 
  1.73703e-05     0.524319 -4.35283e-14      1.16308      1.46643      4.68641        2.536     -2.87076      4.33718 
   1.0986e-05     0.523627 -3.96031e-14      1.16235      1.76845       5.6676      2.54019     -2.57098      4.33942 
  6.94813e-06     0.523296 -3.70732e-14      1.16302        1.471       4.6997      2.53586      -2.8659       4.3369 
  4.39438e-06     0.522547   -3.513e-14      1.16231      1.76818      5.66659      2.54011       -2.571      4.33919 
  2.77925e-06     0.522152 -3.09593e-14      1.16299      1.47622      4.71507      2.53584     -2.86047      4.33669 
  1.75775e-06      0.52133 -2.97444e-14       1.1623      1.76791       5.6656      2.54011     -2.57108      4.33898 
   1.1117e-06     0.520856 -2.46692e-14      1.16298      1.48218      4.73271      2.53586     -2.85431      4.33649 
  7.03101e-07     0.519945 -1.99588e-14       1.1623      1.76758       5.6645      2.54014     -2.57118      4.33876 
   4.4468e-07     0.519375 -1.13698e-14      1.16298      1.48899      4.75303      2.53593     -2.84726      4.33625 
   2.8124e-07     0.518354 -4.98775e-15      1.16229      1.76719      5.66317      2.54021      -2.5713      4.33849 
  1.77872e-07     0.517665 -1.46768e-15      1.16298      1.49686      4.77662      2.53603     -2.83909      4.33595 
  1.12496e-07     0.516509  2.96886e-15       1.1623       1.7667      5.66153      2.54031     -2.57143      4.33813 
  7.11488e-08      0.51567  7.48479e-15      1.16297      1.50602      4.80427      2.53618     -2.82953      4.33554 
  4.49985e-08     0.514344  9.16472e-15       1.1623      1.76606      5.65944      2.54046     -2.57159      4.33765 
  2.84595e-08     0.513317  6.20394e-15      1.16297      1.51679      4.83704      2.53639     -2.81821      4.33499 
  1.79994e-08     0.511774  5.22371e-15       1.1623      1.76524      5.65676      2.54069     -2.57175      4.33699 
  1.13838e-08     0.510502  1.86568e-15      1.16297       1.5296      4.87639      2.53671     -2.80462      4.33422 
  7.19976e-09     0.508678 -8.37763e-16       1.1623      1.76414      5.65323      2.54104     -2.57191      4.33605 
  4.55353e-09     0.507085 -6.68541e-15      1.16297      1.54505      4.92438       2.5372     -2.78806      4.33311 
   2.8799e-09     0.504888 -1.15275e-14      1.16231      1.76264       5.6485      2.54161     -2.57204      4.33467 
  1.82141e-09     0.502864 -1.92502e-14      1.16296      1.56392      4.98385      2.53799     -2.76753      4.33145 
  1.15196e-09      0.50016 -2.39943e-14      1.16231      1.76053      5.64202      2.54256     -2.57206      4.33259 
  7.28564e-10     0.497542 -2.57417e-14      1.16295      1.58733      5.05895      2.53932     -2.74156      4.32889 
  4.60784e-10     0.494134 -2.63403e-14      1.16232      1.75748      5.63294       2.5442     -2.57183      4.32931 
  2.91426e-10     0.490676 -2.06689e-14      1.16294      1.61678       5.1556      2.54163     -2.70799      4.32477 
  1.84314e-10     0.486261 -1.64857e-14      1.16233      1.75294       5.6199      2.54709     -2.57097      4.32392 
   1.1657e-10     0.481589 -7.15788e-15      1.16293      1.65421      5.28232      2.54592      -2.6636      4.31781 
  7.37255e-11     0.475703 -2.33523e-15      1.16235      1.74597      5.60117      2.55274     -2.56862      4.31459 
  4.66281e-11     0.469232  1.42643e-15      1.16291      1.70178      5.45009      2.55404     -2.60363      4.30541 
  2.94902e-11      0.46117  6.83557e-16      1.16238      1.73501      5.57431      2.56406      -2.5626      4.29761 
  1.86512e-11     0.452042  2.42134e-15      1.16287      1.76067      5.67059      2.57063      -2.5216      4.28227 
  1.17961e-11     0.440824  4.55693e-15      1.16242      1.71747       5.5365      2.58678     -2.54782      4.26529 
   7.4605e-12      0.42798  9.62975e-15      1.16281       1.8269      5.94071      2.60314     -2.41075      4.23765 
  4.71843e-12     0.412698  1.62454e-14       1.1625      1.68905      5.48243      2.62953     -2.51409      4.20315 
   2.9842e-12     0.395683  1.80712e-14      1.16271      1.88302      6.20327      2.65749     -2.27063      4.15365 
  1.88737e-12     0.376995  1.41864e-14      1.16261      1.64103      5.38092      2.68793     -2.45133      4.09236 
  1.19368e-12      0.35816  8.98199e-15      1.16258        1.897      6.30845      2.70985     -2.12047      4.01747 
  7.54949e-13      0.34049  8.25426e-15      1.16275      1.56532      5.16311      2.71288     -2.37161      3.93694 
  4.77472e-13     0.325523  1.18491e-14      1.16245      1.86026      6.15782      2.69727     -1.99955      3.85981 
   3.0198e-13     0.314095   1.2378e-14      1.16287       1.4842      4.86554       2.6627     -2.30919      3.79338 
  1.90989e-13     0.305852   1.0495e-14      1.16236      1.81479      5.92383      2.63036     -1.92998      3.74477 
  1.20792e-13     0.300501  7.55344e-15      1.16294      1.43194      4.64803      2.59759      -2.2766      3.70854 
  7.63955e-14     0.296806  7.16031e-15      1.16231      1.78878      5.77939      2.57966      -1.8985      3.68728 
  4.83167e-14     0.294681  6.84925e-15      1.16296      1.40768      4.54303      2.56145     -2.26273      3.67041 
  3.05582e-14     0.293074  9.05355e-15       1.1623      1.77752      5.71578      2.55621     -1.88555      3.66307 
  1.93267e-14     0.292321  1.22974e-14      1.16297      1.39762        4.499      2.54565     -2.25714      3.65476 
  1.22233e-14     0.291573   1.5524e-14      1.16229      1.77295      5.68989      2.54652     -1.88034      3.65329 
  7.73068e-15     0.291376  1.90594e-14      1.16298      1.39359      4.48156      2.53947      -2.2549      3.64849 
  4.88931e-15     0.290972  1.64242e-14      1.16229      1.77112      5.67938      2.54253     -1.87825      3.64937 
  3.09227e-15     0.290998  1.11776e-14      1.16298      1.39197      4.47457        2.537     -2.25401      3.64598 
  1.95572e-15     0.290731  6.53625e-15      1.16228      1.77039      5.67525      2.54098     -1.87742      3.64781 
  1.23691e-15     0.290847  4.40795e-15      1.16298      1.39132      4.47177        2.536     -2.25365      3.64497 
