# Input file for NRG Ljubljana, Rok Zitko, rok.zitko@ijs.si, 2005-2015
# symtype 	QS
# Using sneg version 	1.251
#!8
# Number of channels, impurities, chain sites, subspaces: 
2	1	42	10
# SCALE 	1.0510537250399226
# Energies (GS energy subtracted, multiplied by 1/SCALE):
-3	1
1
0.6813676677848797
-2	2
3
0.33948830200059565	0.6813676677848797	1.018489902814682
-1	1
6
3.1688856568668357e-16	0.3394883020005953	0.6813676677848797	0.6813676677848797	1.018489902814682	1.3579782048152766
-1	3
3
0.3394883020005955	0.6766105370303979	1.018489902814682
0	2
8
1.0562952189556119e-16	0.3394883020005953	0.33948830200059554	0.6766105370303979	0.6813676677848797	1.0184899028146819	1.0184899028146823	1.3579782048152766
0	4
1
0.6766105370303979
1	1
6
0.	0.33948830200059554	0.6813676677848797	0.6813676677848797	1.018489902814682	1.3579782048152773
1	3
3
0.33948830200059543	0.6766105370303979	1.0184899028146819
2	2
3
0.3394883020005955	0.6813676677848797	1.018489902814682
3	1
1
0.6813676677848797
# Irreducible matrix elements for Wilson chains:
f 0 0
12
3	1	2	2
-0.7046254086151554	-0.9999999999999998	0.7095794765450348
2	2	1	3
-0.8660254037844385	0.6145138526920645	-1.6653345369377348e-16
0.610223504012715	-1.4118739918308644e-16	0.6145138526920644
-1.6653345369377348e-16	0.610223504012715	0.8660254037844383
2	2	1	1
-0.4999992330537244	-0.4999999999999999	1.970645868709653e-15	0.3523127043075776	1.0892798173693641e-17	-0.0008757543532574991
1.6653345369377348e-16	-0.3523127043075775	-0.7071067811865477	4.3021142204224816e-15	0.35478973827251725	-1.1102230246251565e-16
0.0008757543532579293	3.482009711040574e-17	-1.9984014443252818e-15	-0.35478973827251736	-0.5	-0.4999992330537245
1	3	0	4
0.5793692164955064
0.816496580927726
-0.5753242369690763
1	3	0	2
0.4999992330537245	6.106226635438361e-16	0.7071067811865474	-0.20483795089735482	-0.3523127043075776	-1.1102230246251565e-16	-9.71445146547012e-17	-0.0008757543532579848
-5.551115123125783e-17	0.501748459655795	-4.718447854656915e-16	0.5773502691896257	2.550640573338749e-16	-3.469446951953614e-16	0.4982454046281182	-5.551115123125783e-17
0.0008757543532575476	-3.608224830031759e-16	1.6653345369377348e-16	0.20340783467090479	-0.35478973827251725	-0.7071067811865475	-5.134781488891349e-16	0.4999992330537245
1	1	0	2
-1.0000000000000002	0.7071056965607232	-2.498001805406602e-16	-2.9163234616442934e-16	2.220446049250313e-16	-2.498001805406602e-16	-0.0012385036836849224	2.914335439641036e-16
0.4999992330537244	-1.5969590249855538e-16	-0.7071067811865477	0.6145138526920644	-0.35231270430757783	7.216449660063518e-16	-9.859352747339017e-17	-0.000875754353257846
8.326672684688674e-17	3.2058886595254686e-15	0.7046254086151553	-2.2742107791742965e-16	-6.106226635438361e-15	-0.7095794765450348	-3.2600091664226247e-15	5.551115123125783e-17
-4.440892098500626e-16	0.4982454046281187	-4.690692279041286e-15	2.37839788347591e-16	-1.	4.551914400963142e-15	-0.5017484596557955	-5.551115123125783e-17
-0.0008757543532575685	-5.060956987854806e-16	3.885780586188048e-16	0.6102235040127147	0.35478973827251775	-0.7071067811865477	2.091381590975688e-16	-0.4999992330537246
1.5265566588595902e-16	0.0012385036836841978	-8.326672684688674e-17	-1.7987083673951595e-16	-5.551115123125783e-17	-2.498001805406602e-16	0.7071056965607232	1.0000000000000002
0	4	-1	3
0.5017484596557948	-0.7071067811865474	-0.4982454046281183
0	2	-1	3
-0.6123714963822773	-2.7755575615628914e-17	-0.0010725756527512342
-0.8660254037844385	5.551115123125783e-16	3.885780586188048e-16
4.440892098500626e-16	0.6145138526920642	-8.326672684688674e-17
0.2508742298278975	0.7071067811865475	-0.24912270231405903
-0.4314931777268072	1.4056080120832802e-16	-0.4345269123716299
2.7755575615628914e-16	0.6102235040127149	-2.7755575615628914e-16
-1.6653345369377348e-16	1.6653345369377348e-16	0.8660254037844384
0.0010725756527515118	1.6653345369377348e-16	-0.6123714963822772
0	2	-1	1
0.7071067811865475	0.35355284828036165	-2.7755575615628914e-17	1.942890293094024e-16	-0.0006192518418422195	0.
-3.6754499351076096e-16	-0.5	-0.4068156693418099	0.287662118484538	-8.326672684688674e-17	6.843502917997181e-18
-0.4999992330537246	3.0070948863181843e-16	0.20340783467090534	0.287662118484538	9.100875058395492e-17	-0.0008757543532574019
8.215308767150267e-17	0.43452691237162977	-1.6376948046953323e-16	-2.25300882468829e-16	0.43149317772680723	-1.1039176226289453e-16
-1.942890293094024e-16	0.24912270231405914	0.408248290463863	0.5773502691896257	-0.25087422982789725	1.1102230246251565e-16
0.0008757543532579293	1.4341207577605599e-16	-0.204837950897355	-0.2896846082477533	3.389530955610991e-16	-0.49999923305372457
2.0078111018629335e-16	2.636779683484747e-16	0.40967590179470964	-0.2896846082477531	-0.5	-2.4258335808572654e-16
-4.996003610813204e-16	-0.0006192518418424548	-2.220446049250313e-16	8.326672684688674e-17	-0.35355284828036143	-0.7071067811865475
-1	3	-2	2
-0.7071067811865472	0.4982454046281184	3.885780586188048e-16
-0.501748459655795	1.754045948363087e-16	-0.4982454046281182
2.7755575615628914e-16	0.5017484596557947	0.7071067811865476
-1	1	-2	2
-0.7071056965607232	1.242468327709846e-16	0.0012385036836842778
0.7071067811865476	0.49824540462811817	-1.6653345369377348e-16
-0.2876621184845383	-0.8164965809277258	0.28968460824775305
-0.40681566934180974	0.5773502691896258	0.40967590179470986
0.	-0.501748459655795	0.7071067811865475
-0.0012385036836845553	2.348346460962123e-16	-0.7071056965607231
-2	2	-3	1
0.4982454046281184
0.7071067811865474
-0.5017484596557947
f 1 0
12
3	1	2	2
-0.7046254086151552	1.0000000000000002	0.7095794765450347
2	2	1	3
0.8660254037844386	0.614513852692064	0.
0.6102235040127146	-1.4118739918308637e-16	0.6145138526920642
0.	0.610223504012715	-0.8660254037844387
2	2	1	1
-0.49999923305372473	0.5	2.3037127760972e-15	0.3523127043075775	-5.551115123125783e-17	-0.0008757543532575962
1.3877787807814457e-16	-0.3523127043075779	0.7071067811865474	-4.3298697960381105e-15	0.35478973827251753	-1.3877787807814457e-16
0.0008757543532577905	-1.3877787807814457e-16	-2.275957200481571e-15	-0.35478973827251725	0.5	-0.4999992330537248
1	3	0	4
0.5793692164955065
-0.8164965809277264
-0.5753242369690759
1	3	0	2
0.4999992330537245	-4.650072342704734e-16	-0.7071067811865475	-0.20483795089735454	-0.3523127043075776	3.3306690738754696e-16	-7.08379518577613e-17	-0.000875754353257957
-2.0273161140755268e-18	0.501748459655795	-2.5183837468288937e-16	-0.5773502691896257	2.0264700097799992e-17	-5.258888426938057e-16	0.49824540462811806	-1.410071113702981e-16
0.0008757543532577072	2.0078436701356256e-16	-2.7755575615628914e-16	0.2034078346709053	-0.35478973827251725	0.7071067811865476	1.290644582746249e-17	0.4999992330537247
1	1	0	2
1.	0.7071056965607232	-6.661338147750939e-16	-2.912347417637779e-16	2.7755575615628914e-17	-1.942890293094024e-16	-0.0012385036836842437	-1.942890293094024e-16
0.4999992330537246	8.326672684688674e-16	0.7071067811865475	0.6145138526920642	-0.3523127043075772	-1.7764833506039274e-17	-1.3877787807814457e-16	-0.000875754353257839
-2.7755575615628914e-17	3.205888659525465e-15	0.7046254086151555	-2.274210779174325e-16	5.828670879282072e-15	-0.7095794765450352	-3.260009166422619e-15	0.
4.440892098500626e-16	0.49824540462811806	-4.468647674116255e-15	-2.1978897265225171e-16	1.0000000000000002	4.3298697960381105e-15	-0.5017484596557946	1.942890293094024e-16
-0.0008757543532576072	5.551115123125783e-17	-1.2350832706198476e-17	0.6102235040127151	0.35478973827251725	0.7071067811865477	7.216449660063518e-16	-0.49999923305372485
-1.6653345369377348e-16	0.001238503683684441	-8.326672684688674e-17	-3.1972952434180444e-16	-8.326672684688674e-17	-4.718447854656915e-16	0.7071056965607232	-1.0000000000000004
0	4	-1	3
0.5017484596557947	0.7071067811865477	-0.49824540462811817
0	2	-1	3
-0.6123714963822771	-5.551115123125783e-17	-0.001072575652751262
0.8660254037844388	8.881784197001252e-16	5.551115123125783e-17
-6.38378239159465e-16	0.614513852692064	8.326672684688674e-17
0.25087422982789753	-0.7071067811865475	-0.24912270231405903
-0.431493177726807	-1.470085073725963e-16	-0.4345269123716299
-2.7755575615628914e-16	0.6102235040127146	5.551115123125783e-16
-4.996003610813204e-16	2.7755575615628914e-16	-0.8660254037844388
0.0010725756527516506	1.3877787807814457e-16	-0.6123714963822767
0	2	-1	1
-0.7071067811865477	0.3535528482803616	-1.3877787807814457e-16	-2.220446049250313e-16	-0.0006192518418420582	-1.1102230246251565e-16
-3.9615278212551573e-16	0.5	-0.4068156693418097	0.2876621184845383	1.9428902930940242e-16	-2.1395629275877145e-16
-0.4999992330537246	-3.0991317491201766e-16	0.20340783467090517	0.2876621184845378	-6.1357640707463e-18	-0.0008757543532575129
7.898215738655811e-17	0.43452691237162966	2.3056678875748273e-17	3.891120588334505e-17	0.4314931777268072	-1.0682009875762304e-16
1.3877787807814457e-16	0.24912270231405928	-0.4082482904638631	-0.5773502691896257	-0.25087422982789737	-5.551115123125783e-17
0.0008757543532577905	-2.0353261941930543e-16	-0.20483795089735485	-0.28968460824775305	-1.606472655202213e-16	-0.4999992330537246
-1.7685288560879034e-16	9.71445146547012e-17	0.4096759017947093	-0.2896846082477536	0.49999999999999994	-2.955400947586609e-16
4.718447854656915e-16	-0.0006192518418422532	-8.326672684688674e-17	2.7755575615628914e-17	-0.3535528482803617	0.7071067811865475
-1	3	-2	2
0.7071067811865477	0.49824540462811806	0.
-0.5017484596557947	1.7540459483630861e-16	-0.498245404628118
5.551115123125783e-17	0.5017484596557948	-0.7071067811865475
-1	1	-2	2
-0.707105696560723	1.7975798400224242e-16	0.0012385036836842223
-0.7071067811865475	0.4982454046281182	1.6653345369377348e-16
-0.28766211848453765	0.816496580927726	0.28968460824775344
-0.4068156693418101	-0.5773502691896257	0.40967590179470953
-3.3306690738754696e-16	-0.5017484596557946	-0.7071067811865478
-0.0012385036836846108	-4.272111006007679e-17	-0.707105696560723
-2	2	-3	1
0.49824540462811784
-0.7071067811865476
-0.5017484596557951
# GS energy in absolute units:
e
-0.7111540253470622
# Irreducible matrix elements for other operators:
# Discretization tables:
z
42
0.50490987762180750294
0.31801074955794716033
0.19523037298213264867
0.11537128229443517389
0.06714955355924674113
0.038874638596785099735
0.02246477380665278115
0.012973994673381464756
0.00749130029299391418
0.0043252507236839013147
0.0024972128624090642823
0.0014417719441743638456
0.00083240846429099542626
0.00048059145189335870647
0.00027746964279552141886
0.0001601971804028872442
0.0000924898866614213124
0.000053399061236954189604
0.000030829962432680492902
0.000017799687119823932968
0.000010276654152086339293
5.9332290414538740736e-6
3.4255513843198726658e-6
1.9777430138739788795e-6
1.1418504614507387738e-6
6.5924767129340113966e-7
3.8061682048397889567e-7
2.1974922376454389272e-7
1.2687227349467442094e-7
7.3249741254850810394e-8
4.2290757831558688057e-8
2.4416580418283708878e-8
1.4096919277186249639e-8
8.1388601394279068634e-9
4.6989730923954172977e-9
2.7129533798093024324e-9
1.5663243641318057937e-9
9.0431779326976748283e-10
5.2210812137726859894e-10
3.0143926442325582781e-10
1.7403604045908953302e-10
1.0047975480775194261e-10
5.8012013486363177674e-11
42
0.50490987762180750294
0.31801074955794716033
0.19523037298213264867
0.11537128229443517389
0.06714955355924674113
0.038874638596785099735
0.02246477380665278115
0.012973994673381464756
0.00749130029299391418
0.0043252507236839013147
0.0024972128624090642823
0.0014417719441743638456
0.00083240846429099542626
0.00048059145189335870647
0.00027746964279552141886
0.0001601971804028872442
0.0000924898866614213124
0.000053399061236954189604
0.000030829962432680492902
0.000017799687119823932968
0.000010276654152086339293
5.9332290414538740736e-6
3.4255513843198726658e-6
1.9777430138739788795e-6
1.1418504614507387738e-6
6.5924767129340113966e-7
3.8061682048397889567e-7
2.1974922376454389272e-7
1.2687227349467442094e-7
7.3249741254850810394e-8
4.2290757831558688057e-8
2.4416580418283708878e-8
1.4096919277186249639e-8
8.1388601394279068634e-9
4.6989730923954172977e-9
2.7129533798093024324e-9
1.5663243641318057937e-9
9.0431779326976748283e-10
5.2210812137726859894e-10
3.0143926442325582781e-10
1.7403604045908953302e-10
1.0047975480775194261e-10
5.8012013486363177674e-11
42
0.e-999
0.e-998
0.e-998
0.e-997
0.e-996
0.e-995
0.e-994
0.e-993
0.e-992
0.e-991
0.e-991
0.e-990
0.e-989
0.e-988
0.e-987
0.e-986
0.e-985
0.e-984
0.e-984
0.e-983
0.e-982
0.e-981
0.e-980
0.e-979
0.e-978
0.e-977
0.e-976
0.e-976
0.e-975
0.e-974
0.e-973
0.e-972
0.e-971
0.e-970
0.e-969
0.e-968
0.e-968
0.e-967
0.e-966
0.e-965
0.e-964
0.e-963
0.e-962
42
0.e-999
0.e-998
0.e-998
0.e-997
0.e-996
0.e-995
0.e-994
0.e-993
0.e-992
0.e-991
0.e-991
0.e-990
0.e-989
0.e-988
0.e-987
0.e-986
0.e-985
0.e-984
0.e-984
0.e-983
0.e-982
0.e-981
0.e-980
0.e-979
0.e-978
0.e-977
0.e-976
0.e-976
0.e-975
0.e-974
0.e-973
0.e-972
0.e-971
0.e-970
0.e-969
0.e-968
0.e-968
0.e-967
0.e-966
0.e-965
0.e-964
0.e-963
0.e-962
