#           T       <Sz^2>          <Q>        <Q^2>          <E>        <E^2>            C            F            S 
      1.05105     0.368213    2.584e-17      1.47061     0.564823     0.431027     0.112001     -3.53725      4.10207 
     0.606826     0.531609  7.52194e-17       2.1229      2.09199      5.77073      1.39433     -4.06245      6.15444 
     0.350351     0.603116  1.37166e-15      2.40757       2.7636      11.0144      3.37686     -4.52642      7.29002 
     0.202275     0.594151 -7.85011e-17      2.37067      3.12082       14.356      4.61654     -4.24368       7.3645 
     0.116784     0.579366  4.75958e-15      2.31127      2.97443      13.3375       4.4903     -4.20383      7.17826 
    0.0674251     0.559553  1.92923e-14      2.23323      2.98422      13.5583      4.65276     -3.99674      6.98096 
    0.0389279     0.547087  3.46216e-14      2.18487      2.87095      12.7216      4.47924     -3.94386      6.81481 
     0.022475     0.535688  3.53628e-14      2.14061      2.83983       12.562      4.49739     -3.84919      6.68903 
     0.012976     0.530212  3.27715e-14      2.11956       2.7852      12.1345      4.37713     -3.82565      6.61085 
   0.00749168     0.525813   2.4127e-14      2.10249      2.76914      12.0421      4.37396     -3.79127      6.56041 
   0.00432532     0.523925   1.2163e-14      2.09526       2.7496      11.8849      4.32458      -3.7832      6.53279 
   0.00249723     0.522413 -1.05754e-14      2.08939       2.7438      11.8517      4.32333     -3.77153      6.51533 
   0.00144177     0.521784 -3.99732e-14      2.08699      2.73724      11.7985      4.30604     -3.76886       6.5061 
  0.000832409     0.521278  -4.9662e-14      2.08502      2.73528      11.7874      4.30569     -3.76495      6.50023 
  0.000480592     0.521071 -3.82927e-14      2.08423      2.73311      11.7699      4.30005     -3.76407      6.49718 
   0.00027747     0.520901 -3.40176e-14      2.08356      2.73245      11.7661      4.29981     -3.76276      6.49521 
  0.000160197     0.520831 -2.85456e-14       2.0833      2.73172      11.7603      4.29799     -3.76247      6.49419 
  9.24899e-05     0.520776 -2.81601e-14      2.08308       2.7315      11.7589      4.29783     -3.76203      6.49353 
  5.33991e-05     0.520752 -1.63735e-14      2.08299      2.73126      11.7571      4.29731     -3.76194       6.4932 
    3.083e-05     0.520734 -4.53629e-15      2.08292      2.73118      11.7565      4.29716     -3.76179      6.49298 
  1.77997e-05     0.520727  7.83301e-15       2.0829       2.7311      11.7559      4.29697     -3.76176      6.49285 
  1.02767e-05     0.520721  7.52112e-15      2.08288      2.73111      11.7563       4.2973     -3.76171      6.49283 
  5.93323e-06     0.520718  1.63812e-14      2.08287      2.73107      11.7559       4.2971      -3.7617      6.49277 
  3.42555e-06     0.520716  3.66232e-14      2.08286      2.73108       11.756      4.29722     -3.76169      6.49276 
  1.97774e-06     0.520715  5.88314e-14      2.08286      2.73107      11.7559       4.2972     -3.76168      6.49275 
  1.14185e-06     0.520715  6.81633e-14      2.08286      2.73107      11.7559       4.2972     -3.76168      6.49274 
  6.59248e-07     0.520714  6.57894e-14      2.08286      2.73106      11.7559      4.29719     -3.76168      6.49274 
  3.80617e-07     0.520714   7.0636e-14      2.08286      2.73106      11.7559      4.29719     -3.76167      6.49274 
  2.19749e-07     0.520714  7.22064e-14      2.08286      2.73106      11.7559      4.29719     -3.76167      6.49273 
  1.26872e-07     0.520714  7.11847e-14      2.08286      2.73106      11.7559      4.29719     -3.76167      6.49273 
  7.32497e-08     0.520714  7.35284e-14      2.08286      2.73106      11.7559      4.29719     -3.76167      6.49273 
  4.22908e-08     0.520714  8.02456e-14      2.08286      2.73106      11.7559      4.29719     -3.76167      6.49273 
  2.44166e-08     0.520714  8.80184e-14      2.08286      2.73106      11.7559      4.29719     -3.76167      6.49273 
  1.40969e-08     0.520714  1.05165e-13      2.08286      2.73106      11.7559      4.29719     -3.76167      6.49273 
  8.13886e-09     0.520714  1.37228e-13      2.08286      2.73106      11.7559      4.29719     -3.76167      6.49273 
  4.69897e-09     0.520714  1.53035e-13      2.08286      2.73106      11.7559      4.29719     -3.76167      6.49273 
  2.71295e-09     0.520714  1.59024e-13      2.08286      2.73106      11.7559      4.29719     -3.76167      6.49273 
  1.56632e-09     0.520714  1.45967e-13      2.08286      2.73106      11.7559      4.29719     -3.76167      6.49273 
  9.04318e-10     0.520714  1.18536e-13      2.08286      2.73106      11.7559      4.29719     -3.76167      6.49273 
  5.22108e-10     0.520714  8.14344e-14      2.08286      2.73106      11.7559      4.29719     -3.76167      6.49273 
  3.01439e-10     0.520714  4.72509e-14      2.08286      2.73106      11.7559      4.29719     -3.76167      6.49273 
  1.74036e-10     0.520714  4.04911e-15      2.08286      2.73106      11.7559      4.29719     -3.76167      6.49273 
   1.0048e-10     0.520714 -3.25498e-14      2.08286      2.73106      11.7559      4.29719     -3.76167      6.49273 
