# T		<Sz^2>	<Q>	<Q^2>	<E>	<E^2>	C	F	S
1.05e+00	0.1182	0.0000	0.4706	0.5648	0.4310	0.1120	-0.7647	1.3295
6.07e-01	0.1091	-0.0000	0.4327	0.0737	0.5271	0.2242	-1.1723	1.2460
3.50e-01	0.0925	0.0000	0.3650	0.6646	3.5843	0.3526	-0.4155	1.0801
2.02e-01	0.0766	-0.0000	0.3005	-0.0004	0.3220	0.3243	-0.8950	0.8946
1.17e-01	0.0570	-0.0000	0.2217	0.6589	3.9352	0.4498	-0.0422	0.7010
6.74e-02	0.0413	-0.0000	0.1602	-0.1383	-0.5101	0.3347	-0.6395	0.5011
3.89e-02	0.0245	-0.0000	0.0945	0.5514	3.2723	0.4101	0.2192	0.3323
2.25e-02	0.0174	0.0000	0.0674	-0.2814	-1.4883	0.1889	-0.4911	0.2098
1.30e-02	0.0076	0.0000	0.0292	0.4658	2.6868	0.3093	0.3375	0.1283
7.49e-03	0.0075	0.0000	0.0292	-0.3520	-2.0079	0.0655	-0.4331	0.0811
4.33e-03	0.0013	0.0000	0.0049	0.4302	2.4372	0.2568	0.3799	0.0502
2.50e-03	0.0041	0.0000	0.0161	-0.3774	-2.1983	0.0149	-0.4134	0.0360
1.44e-03	-0.0008	0.0000	-0.0034	0.4178	2.3508	0.2383	0.3943	0.0235
8.32e-04	0.0029	0.0000	0.0118	-0.3859	-2.2626	-0.0027	-0.4068	0.0209
4.81e-04	-0.0015	0.0000	-0.0062	0.4137	2.3222	0.2323	0.3991	0.0146
2.77e-04	0.0026	0.0000	0.0103	-0.3887	-2.2839	-0.0086	-0.4046	0.0159
1.60e-04	-0.0018	0.0000	-0.0071	0.4123	2.3126	0.2302	0.4007	0.0116
9.25e-05	0.0024	0.0000	0.0098	-0.3897	-2.2911	-0.0106	-0.4039	0.0142
5.34e-05	-0.0018	0.0000	-0.0074	0.4118	2.3094	0.2295	0.4012	0.0106
3.08e-05	0.0024	0.0000	0.0097	-0.3900	-2.2935	-0.0112	-0.4036	0.0137
1.78e-05	-0.0019	0.0000	-0.0075	0.4117	2.3082	0.2292	0.4014	0.0103
1.03e-05	0.0024	0.0000	0.0096	-0.3900	-2.2937	-0.0111	-0.4035	0.0135
5.93e-06	-0.0019	0.0000	-0.0075	0.4116	2.3082	0.2293	0.4014	0.0102
3.43e-06	0.0024	0.0000	0.0096	-0.3901	-2.2940	-0.0112	-0.4035	0.0134
1.98e-06	-0.0019	0.0000	-0.0075	0.4116	2.3082	0.2294	0.4014	0.0102
1.14e-06	0.0024	0.0000	0.0096	-0.3901	-2.2941	-0.0112	-0.4035	0.0134
6.59e-07	-0.0019	0.0000	-0.0075	0.4116	2.3082	0.2294	0.4014	0.0102
3.81e-07	0.0024	0.0000	0.0096	-0.3901	-2.2941	-0.0112	-0.4035	0.0134
2.20e-07	-0.0019	0.0000	-0.0075	0.4116	2.3082	0.2294	0.4015	0.0102
1.27e-07	0.0024	0.0000	0.0096	-0.3901	-2.2941	-0.0112	-0.4035	0.0134
7.32e-08	-0.0019	0.0000	-0.0075	0.4116	2.3082	0.2294	0.4015	0.0102
4.23e-08	0.0024	0.0000	0.0096	-0.3901	-2.2941	-0.0112	-0.4035	0.0134
2.44e-08	-0.0019	0.0000	-0.0075	0.4116	2.3082	0.2294	0.4015	0.0102
1.41e-08	0.0024	0.0000	0.0096	-0.3901	-2.2941	-0.0112	-0.4035	0.0134
8.14e-09	-0.0019	0.0000	-0.0075	0.4116	2.3082	0.2294	0.4015	0.0102
4.70e-09	0.0024	0.0000	0.0096	-0.3901	-2.2941	-0.0112	-0.4035	0.0134
2.71e-09	-0.0019	0.0000	-0.0075	0.4116	2.3082	0.2294	0.4015	0.0102
1.57e-09	0.0024	0.0000	0.0096	-0.3901	-2.2941	-0.0112	-0.4035	0.0134
9.04e-10	-0.0019	0.0000	-0.0075	0.4116	2.3082	0.2294	0.4015	0.0102
5.22e-10	0.0024	0.0000	0.0096	-0.3901	-2.2941	-0.0112	-0.4035	0.0134
3.01e-10	-0.0019	0.0000	-0.0075	0.4116	2.3082	0.2294	0.4015	0.0102
1.74e-10	0.0024	0.0000	0.0096	-0.3901	-2.2941	-0.0112	-0.4035	0.0134
1.00e-10	-0.0019	0.0000	-0.0075	0.4116	2.3082	0.2294	0.4015	0.0102
